{
  "a1_0": 30.990568607464937,
  "a1_1": 0.727207131085451,
  "b1_0": 2.4177659248112304,
  "b1_1": 0.001361137402837942,
  "a2_0": 7764.878961142766,
  "a2_1": 0.033710133967452593,
  "b2_0": 354.5075793923026,
  "b2_1": 4.0585190172293055,
  "a3_0": 124.65125337416927,
  "a3_1": 0.002466385979914096,
  "b3_0": 5691.006145002193,
  "b3_1": 0.0062791739575876,
  "bh_0": 0.7148812999656258,
  "bh_1": 1.0205850850329137,
  "bh_2": 0.1491648507752708,
  "ah_0": 11.231511989775173,
  "ah_1": 29046.460566891234,
  "ah_2": 0.008490668279800669,
  "vShift": -19.00612418597558,
  "vShift_inact": 8.677200690072695,
  "maxrate": 5.262143195447436
}