{
  "sh": 6.558717680119388,
  "tha": -29.830280096185355,
  "qa": 5.41,
  "Ra": 0.23255473801213297,
  "Rb": 0.028614825505867733,
  "thi1": -60.888336863352556,
  "thi2": -43.4675109874544,
  "qd": 0.7685052183442707,
  "qg": 0.10745090765318716,
  "mmin": 0.020874190334819975,
  "hmin": 0.0054348559582643,
  "Rg": 0.016845560433940227,
  "Rd": 0.025617467928912365,
  "thinf": -52.60301821731167,
  "qinf": 5.65013969822696,
  "vhalfs": -43.07882423288173,
  "a0s": 0.0003572332783010924,
  "gms": 0.25707909573789467,
  "q10": 2.2878400190103525,
  "zetas": 14.803016715078625,
  "smax": 8.802462928413535,
  "vvh": -54.834785882613666,
  "vvs": 0.8113705382252894,
  "ar2": 1,
  "Ena": 55
}