{
  "a1_0": 0.9381997541673419,
  "a1_1": 0.01868598828233102,
  "b1_0": 2.708799783911512,
  "b1_1": 0.18848078599772555,
  "a2_0": 8608.911479989112,
  "a2_1": 0.20615873431027767,
  "b2_0": 818.129823361829,
  "b2_1": 5.290163467632127,
  "a3_0": 196.24644454296669,
  "a3_1": 0.054718133677366,
  "b3_0": 1413.5151630521686,
  "b3_1": 0.05933549078650463,
  "bh_0": 2.1354323411774057,
  "bh_1": 1.3991576693724062,
  "bh_2": 0.07576179758497163,
  "ah_0": 5.140684772913613,
  "ah_1": 6071.66788584372,
  "ah_2": 0.0500813879294649,
  "vShift": 0,
  "vShift_inact": 0,
  "maxrate": 6141.492630745086
}