{
  "sh": 7.737377293674833,
  "tha": -34.243539777964415,
  "qa": 5.41,
  "Ra": 0.17157260073059677,
  "Rb": 0.0487880328533895,
  "thi1": -60.263660406796404,
  "thi2": -33.72623707497113,
  "qd": 0.7004724820031882,
  "qg": 0.10347113488469517,
  "mmin": 0.026948335934518956,
  "hmin": 0.009303535999447674,
  "Rg": 0.008411557890444519,
  "Rd": 0.02369089815905383,
  "thinf": -47.68032583551547,
  "qinf": 6.133979134314556,
  "vhalfs": -10.582542092497823,
  "a0s": 0.00025582958331112407,
  "gms": 0.12885704931583242,
  "q10": 2.4395947125438777,
  "zetas": 10.751467859832209,
  "smax": 9.393026842614292,
  "vvh": -55.213940227332245,
  "vvs": 1.9758347847089923,
  "ar2": 1,
  "Ena": 55
}