{
"C1C2b2":86.39810539787007,
"C1C2v2":574.5877604220244,
"C1C2k2":-27.826362161003544,
"C2C1b1":65.92875103242523,
"C2C1v1":-140.21202248490107,
"C2C1k1":33.73935178155775,
"C2C1b2":61.946858225199804,
"C2C1v2":39.66817451604612,
"C2C1k2":49.138329595225926,
"C2O1b2":300.5786041678186,
"C2O1v2":-129.84585547204173,
"C2O1k2":-33.22412813301743,
"O1C2b1":323.5819061640705,
"O1C2v1":394.40571367065576,
"O1C2k1":-48.401520358398,
"O1C2b2":145.45006471159454,
"O1C2v2":-153.00583420848767,
"O1C2k2":95.01942247642367,
"C2O2b2":28.299485061442766,
"C2O2v2":236.36577462818227,
"C2O2k2":64.36409390447116,
"O2C2b1":11.432222289576561,
"O2C2v1":159.53187260678635,
"O2C2k1":-42.27668298972853,
"O2C2b2":217.15178916875414,
"O2C2v2":218.53270438630346,
"O2C2k2":-49.63195899294674,
"O1I1b1":178.5694893802287,
"O1I1v1":-86.25537911188667,
"O1I1k1":121.25195762332253,
"O1I1b2":41.70264261169683,
"O1I1v2":-157.7901331242161,
"O1I1k2":338.91536259821805,
"I1O1b1":389.3661492555266,
"I1O1v1":286.8750849044999,
"I1O1k1":336.5131082046459,
"I1C1b1":283.0960246253771,
"I1C1v1":-153.34101395169736,
"I1C1k1":-5.780074847509766,
"C1I1b2":651.0215608580604,
"C1I1v2":-9.238731395224782,
"C1I1k2":-3.5798016623050577,
"I1I2b2":17.499126713781763,
"I1I2v2":-144.84452324273929,
"I1I2k2":326.57174111819756,
"I2I1b1":0.0010563296774494446,
"I2I1v1":399.76672328706377,
"I2I1k1":97.94757930195442
}