
{"a1_0": 902.8346275407298,
"a1_1": 0.02426677951196471,
"b1_0": 6.255603296784591,
"b1_1": 0.10007320457706317,
"a2_0": 10.939545408522726,
"a2_1": 0.09928533110652522,
"b2_0": 1.30869882224258,
"b2_1": 0.008781394307371645,
"a3_0": 296.0705065994848,
"a3_1": 0.08933813493417142,
"b3_0": 62.62761565937788,
"b3_1": 0.042740914358030485,
"bh_0": 2.0430528391889338,
"bh_1": 13.043744707677375,
"bh_2": 0.10132907919008999,
"ah_0": 59.30847625024542,
"ah_1": 46617.58445336701,
"ah_2": 0.0405856628709497,
"vShift": -9.23828878373234,
"vShift_inact": -23.33724488724865,
"maxrate": 66371.87574816398,
"ahfactor": 19.739634361712508,
"bhfactor": 0.9068703292111128}