{
  "sh": 7.816544273685546,
  "tha": -31.189788720642483,
  "qa": 5.41,
  "Ra": 0.25298184954858416,
  "Rb": 0.07584414429142777,
  "thi1": -48.69279065412408,
  "thi2": -42.14702114139171,
  "qd": 0.9936571912524743,
  "qg": 0.08895001762541088,
  "mmin": 0.007774416333231421,
  "hmin": 0.003939106112054973,
  "Rg": 0.017920288232627524,
  "Rd": 0.02848830957015073,
  "thinf": -47.865012506888945,
  "qinf": 5.7381817490450375,
  "vhalfs": -11.317823554253446,
  "a0s": 0.00024016222017944134,
  "gms": 0.056371552016566955,
  "q10": 2.4069457527425504,
  "zetas": 8.411574870909128,
  "smax": 13.443348110571176,
  "vvh": -60.711370331574564,
  "vvs": 1.5250529682538327,
  "ar2": 1,
  "Ena": 55
}