{
  "a1_0": 95.70801317669665,
  "a1_1": 0.869609530944387,
  "b1_0": 3.011028429230476,
  "b1_1": 0.12148888744920948,
  "a2_0": 9467.538859037928,
  "a2_1": 0.05069924707277115,
  "b2_0": 328.70674342570953,
  "b2_1": 2.805835221891905,
  "a3_0": 236.46741316843074,
  "a3_1": 0.03888384499371427,
  "b3_0": 2742.8853120606755,
  "b3_1": 0.12424599531853064,
  "bh_0": 3.6883548795186276,
  "bh_1": 5.757168810270557,
  "bh_2": 0.1491082064678782,
  "ah_0": 0.49678697695149676,
  "ah_1": 19760.477056402495,
  "ah_2": 0.04503014445432112,
  "vShift": -25.144371628489367,
  "vShift_inact": 15.22740056713415,
  "maxrate": 314.18976984743983
}