{
  "sh": 9.27513934599908,
  "tha": -19.006578009999053,
  "qa": 5.41,
  "Ra": 0.28523235200204017,
  "Rb": 0.027828201108899314,
  "thi1": -60.277323827552806,
  "thi2": -79.22326533454797,
  "qd": 0.7707059761076039,
  "qg": 1.3062676929883112,
  "mmin": 0.02347354198283438,
  "hmin": 0.006475560258124883,
  "Rg": 0.018111921274468024,
  "Rd": 0.020746368386756024,
  "thinf": -52.06617357866996,
  "qinf": 6.75293487852935,
  "vhalfs": -34.36075663409899,
  "a0s": 0.0003110453447775763,
  "gms": 0.07128885357975331,
  "q10": 2.306874304104073,
  "zetas": 8.33706211456386,
  "smax": 3.4707353442204028,
  "vvh": -41.32641030938734,
  "vvs": 1.2884382787122886,
  "ar2": 1,
  "Ena": 55
}