{
  "a1_0": 20.738270571725597,
  "a1_1": 0.3886703764344085,
  "b1_0": 1.7777657212116993,
  "b1_1": 0.07133880391845333,
  "a2_0": 13738.752894030553,
  "a2_1": 0.001072434705231412,
  "b2_0": 316.67344931792195,
  "b2_1": 2.259989170117984,
  "a3_0": 244.7527462755213,
  "a3_1": 0.12579717339767021,
  "b3_0": 3128.4818314898152,
  "b3_1": 0.03983978451064088,
  "bh_0": 1.1794987814522668,
  "bh_1": 3.0406715641209985,
  "bh_2": 0.1386771747691053,
  "ah_0": 1.2034863037905796,
  "ah_1": 162725.3723019725,
  "ah_2": 0.06330126798417667,
  "vShift": -16.010025990356915,
  "vShift_inact": 5.31092545822662,
  "maxrate": 9.70064278311512
}