{
  "sh": 6.380656731406048,
  "tha": -26.489233911537188,
  "qa": 5.41,
  "Ra": 0.12332765602838816,
  "Rb": 0.09128848493337051,
  "thi1": -60.948324301054335,
  "thi2": -43.43271595546295,
  "qd": 0.4460618587411818,
  "qg": 0.9601996155047727,
  "mmin": 0.0010738130935256229,
  "hmin": 0.016956485439915844,
  "Rg": 0.018165774070523687,
  "Rd": 0.018418655096133465,
  "thinf": -37.236611847711515,
  "qinf": 6.460519836715083,
  "vhalfs": -36.90356393919461,
  "a0s": 0.0005691896343678268,
  "gms": 0.1848724847193002,
  "q10": 2.2704663604075535,
  "zetas": 0.36356366326724987,
  "smax": 4.7452766578485,
  "vvh": -37.03463140752233,
  "vvs": 1.1376466018137745,
  "ar2": 1,
  "Ena": 55
}