{
  "a1_0": 9.290276200004918,
  "a1_1": 0.007620923784480645,
  "b1_0": 1.8754449807298448,
  "b1_1": 0.09601340353830118,
  "a2_0": 2988.6889448877378,
  "a2_1": 0.10003846485310891,
  "b2_0": 488.71956467434813,
  "b2_1": 0.061194176249668164,
  "a3_0": 230.44960951993812,
  "a3_1": 0.07905038828690938,
  "b3_0": 6387.551754922848,
  "b3_1": 0.026631463446482793,
  "bh_0": 5.779582170223426,
  "bh_1": 9.558419148247305,
  "bh_2": 0.12081938604157672,
  "ah_0": 1.0817764327490194,
  "ah_1": 312093.96363082924,
  "ah_2": 0.06339100606593855,
  "vShift": -18.383375902883145,
  "vShift_inact": 9.22370424168307,
  "maxrate": 652.3828040980511
}