{
  "a1_0": 2.2486497152981872,
  "a1_1": 0.0011989013896731154,
  "b1_0": 1.717779504740911,
  "b1_1": 0.20327173843369062,
  "a2_0": 15256.638337027536,
  "a2_1": 0.03055114159809312,
  "b2_0": 296.289868494879,
  "b2_1": 0.05798053651797086,
  "a3_0": 183.20946668575837,
  "a3_1": 0.016597181899718476,
  "b3_0": 4282.0815087924075,
  "b3_1": 0.10351379466446067,
  "bh_0": 7.0635956444027155,
  "bh_1": 15.31283016616241,
  "bh_2": 0.13193945460304554,
  "ah_0": 6.487937959475208,
  "ah_1": 399043.84255955525,
  "ah_2": 0.04953809946146172,
  "vShift": -20.854120971888918,
  "vShift_inact": 10.836523655259075,
  "maxrate": 4354.4634897591095
}