{
  "sh": 8.220352401570626,
  "tha": -23.3300440365342,
  "qa": 5.41,
  "Ra": 0.2475582366027324,
  "Rb": 0.07927214191553893,
  "thi1": -53.502277322579545,
  "thi2": -79.90360710970097,
  "qd": 0.6756849366292822,
  "qg": 0.9694186531991292,
  "mmin": 0.02820171095754885,
  "hmin": 0.00602984081830873,
  "Rg": 0.0007472860156779264,
  "Rd": 0.02093349028084322,
  "thinf": -35.09461557545267,
  "qinf": 5.616184882677683,
  "vhalfs": -19.029441887333466,
  "a0s": 1.5230979549604022e-05,
  "gms": 0.048841308410614674,
  "q10": 2.6472525868201036,
  "zetas": 13.328784044528954,
  "smax": 14.046910536232756,
  "vvh": -40.39913709527713,
  "vvs": 0.7256665808935034,
  "ar2": 1,
  "Ena": 55
}