{
  "a1_0": 77.5290880057393,
  "a1_1": 0.8534705914137256,
  "b1_0": 1.2034064865578407,
  "b1_1": 0.014785144308705655,
  "a2_0": 6205.9038993807335,
  "a2_1": 0.0392413842323337,
  "b2_0": 846.6014010105109,
  "b2_1": 1.9624857335743886,
  "a3_0": 105.50670247235922,
  "a3_1": 0.050163170583720884,
  "b3_0": 1912.6907848541457,
  "b3_1": 0.0002336951139489255,
  "bh_0": 5.486172056286093,
  "bh_1": 8.025517130836056,
  "bh_2": 0.10509571449338692,
  "ah_0": 14.036037851882138,
  "ah_1": 2718.2515522564354,
  "ah_2": 0.0035793633476156363,
  "vShift": -26.804997176209856,
  "vShift_inact": 8.28564108853396,
  "maxrate": 1690.0489804575473
}