{
"a1_0": 671.8013747453745,
"a1_1": 0.0992770197627936,
"b1_0": 2.2762217209992013,
"b1_1": 0.10833895485240652,
"a2_0": 10.426993184611336,
"a2_1": 0.09400126378705399,
"b2_0": 2.1348710481818456,
"b2_1": 0.004931559401865062,
"a3_0": 353.2758599933241,
"a3_1": 0.1119282125984733,
"b3_0": 48.83308625554713,
"b3_1": 0.026958349072236543,
"bh_0": 1.5380741094552959,
"bh_1": 6.6956469187023675,
"bh_2": 0.10746899930165768,
"ah_0": 36.18056725428433,
"ah_1": 35680.446042095966,
"ah_2": 0.031804759835181204,
"vShift": -9.23828878373234,
"vShift_inact": -24.072196404311804,
"maxrate": 79529.94335115429,
"ahfactor": 27.3589008516638,
"bhfactor": 0.593007464860962
}