{
  "a1_0": 171.65404967593912,
  "a1_1": 1.5473325780407043,
  "b1_0": 0.15668688284445786,
  "b1_1": 0.056578266862296,
  "a2_0": 10626.926411489329,
  "a2_1": 0.00041480337573633966,
  "b2_0": 29.048765867503395,
  "b2_1": 2.3342903358554383,
  "a3_0": 249.39252673373483,
  "a3_1": 0.0007503117414607886,
  "b3_0": 3066.9638504829777,
  "b3_1": 0.0188555817486158,
  "bh_0": 2.040068926358947,
  "bh_1": 3.7675241580162835,
  "bh_2": 0.02942144917704831,
  "ah_0": 0.4337041832768786,
  "ah_1": 6129.875372384539,
  "ah_2": 0.19871362195779174,
  "vShift": -16.853808606641802,
  "vShift_inact": 16.23871522904293,
  "maxrate": 147.56435592144186
}