{
  "sh": 8.886047186457889,
  "tha": -24.155451306086988,
  "qa": 5.41,
  "Ra": 0.3380714915775742,
  "Rb": 0.09013136340161398,
  "thi1": -60.488477521934875,
  "thi2": -77.41692349310195,
  "qd": 0.8058343822410788,
  "qg": 0.6693522946835427,
  "mmin": 0.013671131800210966,
  "hmin": 0.008420778920829085,
  "Rg": 0.01854277725353276,
  "Rd": 0.025712394696815438,
  "thinf": -40.114984963535186,
  "qinf": 5.760329120353593,
  "vhalfs": -33.73363659219147,
  "a0s": 0.00036615946706607756,
  "gms": 0.14082624570054866,
  "q10": 2.289601426305275,
  "zetas": 13.419130866269455,
  "smax": 5.941545585888373,
  "vvh": -53.184249317587984,
  "vvs": 0.7672523706054653,
  "ar2": 1,
  "Ena": 55
}