{
  "a1_0": 9.16784152366466,
  "a1_1": 0.7498178403322555,
  "b1_0": 0.9250870194676788,
  "b1_1": 0.04570797312462545,
  "a2_0": 7704.249958014978,
  "a2_1": 0.07214921966679647,
  "b2_0": 452.3191520712655,
  "b2_1": 0.12255643006613637,
  "a3_0": 232.5675642385227,
  "a3_1": 0.0009196164331762738,
  "b3_0": 2700.131799836734,
  "b3_1": 0.04647017715031404,
  "bh_0": 1.6360257082819747,
  "bh_1": 8.288348422797782,
  "bh_2": 0.15334359789813812,
  "ah_0": 8.163461917843849,
  "ah_1": 128110.04424496027,
  "ah_2": 0.008007538690100603,
  "vShift": -23.344349669193836,
  "vShift_inact": 3.3114728957733703,
  "maxrate": 2027.3605771235598
}