{
  "sh": 8.31064175557174,
  "tha": -35.11519744465838,
  "qa": 5.41,
  "Ra": 0.2817003937800848,
  "Rb": 0.10691038625905988,
  "thi1": -56.75375047747005,
  "thi2": -78.4191760154983,
  "qd": 0.8916767166343843,
  "qg": 1.163860705058872,
  "mmin": 0.013671131800210966,
  "hmin": 0.008685061713842906,
  "Rg": 0.01788843167887597,
  "Rd": 0.027040655367536696,
  "thinf": -50.84698844259533,
  "qinf": 7.146246876661122,
  "vhalfs": -13.723820074612954,
  "a0s": 0.0003768308985175273,
  "gms": 0.03997006808431528,
  "q10": 2.6555196676949326,
  "zetas": 13.512305037269085,
  "smax": 1.7189656404114961,
  "vvh": -49.836820367560605,
  "vvs": 0.1677937465231482,
  "ar2": 1,
  "Ena": 55
}