{
  "sh": 9.445040348834937,
  "tha": -24.195136615680386,
  "qa": 5.41,
  "Ra": 0.2784076410381933,
  "Rb": 0.058043800028580894,
  "thi1": -74.3494263473455,
  "thi2": -72.60387928598942,
  "qd": 0.5455432247815544,
  "qg": 0.9730838898087506,
  "mmin": 0.03894863626552881,
  "hmin": 0.01793393920916245,
  "Rg": 0.009211114919054318,
  "Rd": 0.02051744819459416,
  "thinf": -38.005780736573165,
  "qinf": 6.0366658684659615,
  "vhalfs": -45.101859814795134,
  "a0s": 0.00010079870798486245,
  "gms": 0.3004063653533408,
  "q10": 2.4831459499252477,
  "zetas": 6.261298718928709,
  "smax": 9.557798880178659,
  "vvh": -59.23439770665602,
  "vvs": 1.8921025779292115,
  "ar2": 1,
  "Ena": 55
}