{
  "a1_0": 62.774771313021546,
  "a1_1": 0.6854152336583206,
  "b1_0": 3.2117067311143277,
  "b1_1": 0.1432460480232296,
  "a2_0": 2468.966900014909,
  "a2_1": 0.0834387238328,
  "b2_0": 490.16060600231606,
  "b2_1": 2.969500725999265,
  "a3_0": 190.5883640336242,
  "a3_1": 0.003108395956123883,
  "b3_0": 7689.251014289831,
  "b3_1": 0.04054164070835632,
  "bh_0": 4.063594186259147,
  "bh_1": 2.115884898210715,
  "bh_2": 0.1433653421971472,
  "ah_0": 1.3563238605774417,
  "ah_1": 6568.351916792737,
  "ah_2": 0.011127551783912584,
  "vShift": -18.276678986708095,
  "vShift_inact": 16.74204011921361,
  "maxrate": 6.170113221706686
}