{
  "a1_0": 297.0995472581599,
  "a1_1": 0.40453658405782256,
  "b1_0": 1.163250133004707,
  "b1_1": 0.007421955722949944,
  "a2_0": 6081.457375053355,
  "a2_1": 0.10901126825208024,
  "b2_0": 319.9492052219595,
  "b2_1": 3.695138405387749,
  "a3_0": 169.61349165235103,
  "a3_1": 0.002083746715518288,
  "b3_0": 2464.362441539251,
  "b3_1": 0.00726627005404204,
  "bh_0": 2.170829289387583,
  "bh_1": 2.213617474639907,
  "bh_2": 0.16880644254957078,
  "ah_0": 7.582754372567585,
  "ah_1": 66682.01097053559,
  "ah_2": 4.36251269415953e-05,
  "vShift": -34.67951312416439,
  "vShift_inact": 8.521648036537671,
  "maxrate": 2880.821073347662
}