{
  "sh": 9.450089257757648,
  "tha": -40.310324540734825,
  "qa": 5.41,
  "Ra": 0.11188243238868065,
  "Rb": 0.16770331931296686,
  "thi1": -68.88660486702604,
  "thi2": -52.15018021278878,
  "qd": 0.48924773201606253,
  "qg": 2.1511731440409796,
  "mmin": 0.016035670954010046,
  "hmin": 0.015552505242279318,
  "Rg": 0.019553312622589032,
  "Rd": 0.02272444169659522,
  "thinf": -47.42140381505649,
  "qinf": 5.536939479129174,
  "vhalfs": -29.329566035875036,
  "a0s": 2.4801006789184173e-05,
  "gms": 0.1879043651340371,
  "q10": 1.9572107962709144,
  "zetas": 11.348588280476964,
  "smax": 5.290014745061671,
  "vvh": -44.43780949160364,
  "vvs": 1.386719752356648,
  "ar2": 1,
  "Ena": 55
}