{
  "a1_0": 249.39394676887173,
  "a1_1": 0.5200041211792088,
  "b1_0": 3.0537485051086946,
  "b1_1": 0.011079128826530598,
  "a2_0": 6292.305271887281,
  "a2_1": 0.2262133494820389,
  "b2_0": 497.1694625984061,
  "b2_1": 2.8252370303536907,
  "a3_0": 120.78433837433904,
  "a3_1": 0.03591021839842313,
  "b3_0": 2270.1015688166062,
  "b3_1": 0.08572992894240089,
  "bh_0": 6.491149910777123,
  "bh_1": 17.665022890642007,
  "bh_2": 0.14407175708969008,
  "ah_0": 9.60984612337702,
  "ah_1": 532642.1308717187,
  "ah_2": 0.061140727260182305,
  "vShift": -13.706688544793083,
  "vShift_inact": 1.4432486979486674,
  "maxrate": 13.228182880636965
}