{
  "a1_0": 41.24466597259794,
  "a1_1": 0.5308501317510134,
  "b1_0": 7.386920140708283,
  "b1_1": 0.008256767752317935,
  "a2_0": 10755.581571569404,
  "a2_1": 0.2941534968877462,
  "b2_0": 508.5221717496915,
  "b2_1": 0.8344607280938177,
  "a3_0": 357.34870015416504,
  "a3_1": 0.0002195891536895594,
  "b3_0": 1070.0986194771494,
  "b3_1": 0.027183145081577945,
  "bh_0": 3.7310446112469187,
  "bh_1": 11.870394633074387,
  "bh_2": 0.11998196950856949,
  "ah_0": 11.265619816992157,
  "ah_1": 711379.2077178769,
  "ah_2": 0.0020378247251452777,
  "vShift": -9.743154184024819,
  "vShift_inact": 0.4138496607777782,
  "maxrate": 10.159989993015305
}