{
  "a1_0": 32.85040930843276,
  "a1_1": 1.6615046528718203,
  "b1_0": 1.1283135428527846,
  "b1_1": 0.11913312637809705,
  "a2_0": 5420.596370431161,
  "a2_1": 0.03662723327331317,
  "b2_0": 241.75069020862716,
  "b2_1": 2.8544275072402634,
  "a3_0": 175.65588800727284,
  "a3_1": 0.039417295653628406,
  "b3_0": 1567.4631041099394,
  "b3_1": 0.051773724586163694,
  "bh_0": 3.2239491868838086,
  "bh_1": 1.622849827710409,
  "bh_2": 0.17484029977300872,
  "ah_0": 14.341962154480752,
  "ah_1": 66673.98417663306,
  "ah_2": 0.022747115382984594,
  "vShift": -20.063244751830126,
  "vShift_inact": 11.310700688405518,
  "maxrate": 1302.2771696885973
}