{
  "a1_0": 180.5025927339404,
  "a1_1": 0.33113244897361693,
  "b1_0": 2.0767707269553695,
  "b1_1": 0.6223355075560818,
  "a2_0": 13435.407811732272,
  "a2_1": 0.0211117695738876,
  "b2_0": 999.6095479500625,
  "b2_1": 1.2704801705763988,
  "a3_0": 89.34732446514457,
  "a3_1": 0.09733165771102899,
  "b3_0": 4221.576967234849,
  "b3_1": 0.0027725825221146267,
  "bh_0": 3.046647653540372,
  "bh_1": 4.5808799713466355,
  "bh_2": 0.10576328857383457,
  "ah_0": 5.737541971269167,
  "ah_1": 71131.21529249132,
  "ah_2": 0.04175868116559203,
  "vShift": -21.307663009347962,
  "vShift_inact": 12.11121381517722,
  "maxrate": 8.130169957341023
}