{
  "sh": 9.720408518152473,
  "tha": -50.38737888206187,
  "qa": 5.41,
  "Ra": 0.018872850696954862,
  "Rb": 0.1384695592633962,
  "thi1": -76.96809140338001,
  "thi2": -78.40736012087147,
  "qd": 0.9587028374398872,
  "qg": 1.2683661982186067,
  "mmin": 0.0034437471574469843,
  "hmin": 0.011734614458042043,
  "Rg": 0.017786306699059905,
  "Rd": 0.012988426392609989,
  "thinf": -53.88626660536972,
  "qinf": 7.1934539338187395,
  "vhalfs": -46.536377410720625,
  "a0s": 0.0005307929617695427,
  "gms": 0.05363336599172791,
  "q10": 1.8750070063126019,
  "zetas": 14.740130258226197,
  "smax": 9.27916730538191,
  "vvh": -56.406817229632715,
  "vvs": 1.1788504917702238,
  "ar2": 1,
  "Ena": 55
}