{
  "a1_0": 76.84321520220547,
  "a1_1": 0.32019508183676737,
  "b1_0": 1.6351554703236393,
  "b1_1": 0.06733654378153918,
  "a2_0": 9222.827856236947,
  "a2_1": 0.008526500523592107,
  "b2_0": 0.8036638661095896,
  "b2_1": 1.9109549857562715,
  "a3_0": 382.25922884589386,
  "a3_1": 0.04601200960155108,
  "b3_0": 3529.6576838852843,
  "b3_1": 0.0009783170802913996,
  "bh_0": 1.5085496160644865,
  "bh_1": 0.35001759828803136,
  "bh_2": 0.15485715015349846,
  "ah_0": 0.923218627631913,
  "ah_1": 434347.0647624079,
  "ah_2": 0.0696568051382046,
  "vShift": -22.262982835958134,
  "vShift_inact": 13.641844957238266,
  "maxrate": 2564.023111804405
}