{
  "a1_0": 3.1547345527269233,
  "a1_1": 0.05510300665105835,
  "b1_0": 4.791955661615136,
  "b1_1": 0.09014477225513692,
  "a2_0": 3015.155056494468,
  "a2_1": 0.30987923885393026,
  "b2_0": 919.3139955076967,
  "b2_1": 0.41962767235919507,
  "a3_0": 109.85728965102251,
  "a3_1": 0.24852254942384186,
  "b3_0": 1712.2193773613558,
  "b3_1": 0.01912898529951851,
  "bh_0": 8.027353908819931,
  "bh_1": 8.174548719738821,
  "bh_2": 0.11446203713204262,
  "ah_0": 0.06601487564289754,
  "ah_1": 405124.7535686269,
  "ah_2": 0.08651802346109899,
  "vShift": -23.438854488000004,
  "vShift_inact": 15.461948540212093,
  "maxrate": 11.685304243202804
}