{
  "sh": 9.437189108999785,
  "tha": -23.07313984067082,
  "qa": 5.41,
  "Ra": 0.23318070680306324,
  "Rb": 0.008346683829142144,
  "thi1": -71.82609196043677,
  "thi2": -50.90518610755897,
  "qd": 0.9603988507606309,
  "qg": 0.7515010803245216,
  "mmin": 0.02356196470610117,
  "hmin": 0.012349530264114037,
  "Rg": 0.0159324991098267,
  "Rd": 0.02494963887651306,
  "thinf": -48.36397124509376,
  "qinf": 5.306520917767803,
  "vhalfs": -78.1899013879206,
  "a0s": 0.0002076213904715824,
  "gms": 0.03282022294859574,
  "q10": 2.953502942333617,
  "zetas": 13.210761037389423,
  "smax": 0.8423790188118474,
  "vvh": -54.1156469133095,
  "vvs": 1.1720936860640736,
  "ar2": 1,
  "Ena": 55
}