{
  "sh": 9.29652730203526,
  "tha": -25.286365983599477,
  "qa": 5.41,
  "Ra": 0.20374071568963156,
  "Rb": 0.032287886870504066,
  "thi1": -61.97876376872753,
  "thi2": -78.8896576923306,
  "qd": 0.9369754615041643,
  "qg": 1.607903072936985,
  "mmin": 0.022703936878165614,
  "hmin": 0.003724133667885614,
  "Rg": 0.014526835880098123,
  "Rd": 0.017988222179818,
  "thinf": -44.454878232047506,
  "qinf": 8.056557948665372,
  "vhalfs": -18.50057219270583,
  "a0s": 0.00043332968046547453,
  "gms": 0.2506541588105391,
  "q10": 2.1947359595099254,
  "zetas": 11.579233310014331,
  "smax": 9.756858258324922,
  "vvh": -45.45240491205891,
  "vvs": 0.665802756552117,
  "ar2": 1,
  "Ena": 55
}