{
  "a1_0": 258.62803333363286,
  "a1_1": 0.9099717140716234,
  "b1_0": 3.4851938622474607,
  "b1_1": 0.0072834304514034776,
  "a2_0": 8699.467838160175,
  "a2_1": 0.0658754833376706,
  "b2_0": 427.68748281548244,
  "b2_1": 2.0615045331667745,
  "a3_0": 230.624639093987,
  "a3_1": 0.019235152474900388,
  "b3_0": 1447.3579918868552,
  "b3_1": 0.09992578324519744,
  "bh_0": 4.720669331101204,
  "bh_1": 1.8308553442641797,
  "bh_2": 0.1231626533860089,
  "ah_0": 1.6573544890880583,
  "ah_1": 22720.004616919294,
  "ah_2": 0.03265772985301202,
  "vShift": -24.092498849608997,
  "vShift_inact": 18.57301697165515,
  "maxrate": 1648.4107234876903
}