{
  "a1_0": 10.944737670133605,
  "a1_1": 0.2034183732842103,
  "b1_0": 4.815478417469935,
  "b1_1": 0.043356252117941904,
  "a2_0": 5405.880730210139,
  "a2_1": 0.18763689314759507,
  "b2_0": 867.850712446166,
  "b2_1": 4.253173302744734,
  "a3_0": 343.3028879363021,
  "a3_1": 0.02687246485446145,
  "b3_0": 5124.498264970646,
  "b3_1": 8.51262772092558e-05,
  "bh_0": 4.2389048788776575,
  "bh_1": 7.807124232192017,
  "bh_2": 0.12001212159063362,
  "ah_0": 1.2727492058102337,
  "ah_1": 260406.1761436006,
  "ah_2": 0.06430725966278353,
  "vShift": -20.247520697302086,
  "vShift_inact": 4.401183916926222,
  "maxrate": 10.438035930256888
}