{
  "a1_0": 435.2741411895196,
  "a1_1": 0.20787426237963455,
  "b1_0": 1.6969946684231483,
  "b1_1": 0.23654799282457756,
  "a2_0": 4183.28979419075,
  "a2_1": 0.023426511496564023,
  "b2_0": 995.7105577753929,
  "b2_1": 2.177578553203465,
  "a3_0": 9.124840564912834,
  "a3_1": 0.013130776937678217,
  "b3_0": 1995.2248748646844,
  "b3_1": 0.08314399529893501,
  "bh_0": 5.937499205114155,
  "bh_1": 1.7363736447557045,
  "bh_2": 0.10462938661338345,
  "ah_0": 8.545096510704258,
  "ah_1": 438498.5309352085,
  "ah_2": 0.060161328217574486,
  "vShift": -8.880795802150022,
  "vShift_inact": 19.654942372153045,
  "maxrate": 14.937363916565737
}