{
  "sh": 7.989581373470089,
  "tha": -19.049271689816102,
  "qa": 5.41,
  "Ra": 0.3490895630208899,
  "Rb": 0.05666200306371379,
  "thi1": -67.7503248602702,
  "thi2": -72.52935167322642,
  "qd": 0.24796584236475022,
  "qg": 1.5793122504065287,
  "mmin": 0.02712528022824949,
  "hmin": 0.019884701455781688,
  "Rg": 0.004062218988095459,
  "Rd": 0.022609634479151035,
  "thinf": -39.24794027442662,
  "qinf": 8.13240389286693,
  "vhalfs": -57.860337314359114,
  "a0s": 0.0004429799838899641,
  "gms": 0.18214086753475883,
  "q10": 2.2946290280156076,
  "zetas": 4.468397502225563,
  "smax": 12.573358082442416,
  "vvh": -57.965341348225316,
  "vvs": 2.5745453904584643,
  "ar2": 1,
  "Ena": 55
}