{"a1_0": 11.401320160725305,
  "a1_1": 0.42152420980871186,
  "b1_0": 3.8837049215968236,
  "b1_1": 0.04067362176227399,
  "a2_0": 8218.11183557682,
  "a2_1": 0.1006102463674651,
  "b2_0": 623.577569796577,
  "b2_1": 1.1775613194423333,
  "a3_0": 248.4668116779872,
  "a3_1": 0.09453175648706934,
  "b3_0": 1970.992904471013,
  "b3_1": 0.07542103412581591,
  "bh_0": 0.7780359779768442,
  "bh_1": 11.66479250686861,
  "bh_2": 0.1366013184813054,
  "ah_0": 0.04086952975345082,
  "ah_1": 69622.43940832558,
  "ah_2": 0.05649253903241173,
  "vShift": -27.501522719422276,
  "vShift_inact": 24.82011413978284,
  "maxrate": 2045.5088740192052,
  "ahfactor": 78.82060272985386,
  "bhfactor": 12.56527927798522}