{
  "a1_0": 9.775065961152288,
  "a1_1": 0.15470919443442677,
  "b1_0": 2.7621675498614726,
  "b1_1": 0.20969039768470743,
  "a2_0": 7867.02449785225,
  "a2_1": 0.30064050897512834,
  "b2_0": 442.225504513985,
  "b2_1": 4.668740802990108,
  "a3_0": 404.32470468066975,
  "a3_1": 0.03222525965206654,
  "b3_0": 6227.496786057083,
  "b3_1": 0.024522902226066345,
  "bh_0": 2.6471991601933693,
  "bh_1": 5.199339088568892,
  "bh_2": 0.10034283239806996,
  "ah_0": 0.9329387453878597,
  "ah_1": 1270.4549899592798,
  "ah_2": 0.0006597395540462944,
  "vShift": 0,
  "vShift_inact": 0,
  "maxrate": 4437.7452137493565
}