{
  "a1_0": 10.0,
  "a1_1": 0.07867931503238759,
  "b1_0": 12.460908223440677,
  "b1_1": 0.032668689645956685,
  "a2_0": 12579.825203383294,
  "a2_1": 0.12902201198838803,
  "b2_0": 38.36482157746828,
  "b2_1": 0.18865559433757073,
  "a3_0": 205.95351820645823,
  "a3_1": 0.017651001522701465,
  "b3_0": 50.0,
  "b3_1": 0.8790401493091384,
  "bh_0": 13.969425233168915,
  "bh_1": 0.17951505745983842,
  "bh_2": 0.09815403439072691,
  "ah_0": 1.7717076827924303,
  "ah_1": 97669.32788234482,
  "ah_2": 0.08686936856374647,
  "vShift": -9.765256567603183,
  "vShift_inact": 19.07322249320908,
  "maxrate": 10.7949286727662
}