{
  "a1_0": 97.66671749868888,
  "a1_1": 0.03716586306534961,
  "b1_0": 3.8830728846225977,
  "b1_1": 0.015017447028888301,
  "a2_0": 13563.875329376127,
  "a2_1": 0.17054836408869722,
  "b2_0": 434.9687960029061,
  "b2_1": 18.652906007565097,
  "a3_0": 3718.812738626789,
  "a3_1": 0.18586319949961275,
  "b3_0": 328.19038134245005,
  "b3_1": 0.04394997325690096,
  "bh_0": 9.019492323918119,
  "bh_1": 11.087681632354151,
  "bh_2": 0.058549909026245336,
  "ah_0": 13.241859443543337,
  "ah_1": 275895.3332511041,
  "ah_2": 0.06130990280571661,
  "vShift": 1.6535349618166855,
  "vShift_inact": 12.629736455707828,
  "maxrate": 16.609264160331243
}