{
"a1_0_na12mut8st": 	415.3060312,
"a1_1_na12mut8st": 	0.1330362098,
"b1_0_na12mut8st": 	5.713416367,
"b1_1_na12mut8st": 	0.03738519647,
"a2_0_na12mut8st": 	92.09250008,
"a2_1_na12mut8st": 	0.03096863789,
"b2_0_na12mut8st": 	4.376936784,
"b2_1_na12mut8st": 	0.000004789798283,
"a3_0_na12mut8st": 	317.5033075,
"a3_1_na12mut8st": 	0.01456996659,
"b3_0_na12mut8st": 	94.3529976,
"b3_1_na12mut8st": 	0.000004197568077,
"bh_0_na12mut8st": 	1.157068242,
"bh_1_na12mut8st": 	1.125420836,
"bh_2_na12mut8st": 	0.08016507562,
"ah_0_na12mut8st": 	1.449473463,
"ah_1_na12mut8st": 	5472.451652,
"ah_2_na12mut8st": 	0.06853252696,
"vShift_na12mut8st": 	21.16347821,
"vShift_inact_na12mut8st": 	-15.5224286,
"maxrate_na12mut8st": 	31421.04673,
"ahfactor_na12mut8st": 	2.009374801,
"bhfactor_na12mut8st": 	1.309039173
}
