{
  "a1_0": 94.75905990157207,
  "a1_1": 0.018023703763738824,
  "b1_0": 0.31023493687676373,
  "b1_1": 0.09008967082413695,
  "a2_0": 5907.736073687958,
  "a2_1": 0.23518065657745135,
  "b2_0": 419.89073598002807,
  "b2_1": 1.4619587126350462,
  "a3_0": 1196.957340421589,
  "a3_1": 0.04846855255279074,
  "b3_0": 499.9066090356164,
  "b3_1": 0.0021881262762982706,
  "bh_0": 20.254408529692903,
  "bh_1": 6.342454458189579,
  "bh_2": 0.06112691568909393,
  "ah_0": 14.217056459991783,
  "ah_1": 192666.54983024174,
  "ah_2": 0.06340953132391121,
  "vShift": -1.844506962628052,
  "vShift_inact": 16.738301924225823,
  "maxrate": 11.46203465759279
}