{
  "a1_0": 54.53148875965041,
  "a1_1": 0.0030210519108904085,
  "b1_0": 3.3523905091195814,
  "b1_1": 0.06342950864670056,
  "a2_0": 8031.769830542651,
  "a2_1": 0.29695843869147753,
  "b2_0": 168.3349663622178,
  "b2_1": 0.007946084526555486,
  "a3_0": 756.9179705347225,
  "a3_1": 0.08095624886634867,
  "b3_0": 455.6276403302845,
  "b3_1": 1.5229301554827663,
  "bh_0": 17.544323690201868,
  "bh_1": 14.289789674092054,
  "bh_2": 0.08130849742719669,
  "ah_0": 6.828022968663255,
  "ah_1": 28650.237570789322,
  "ah_2": 0.043216612803857066,
  "vShift": 0,
  "vShift_inact": 0,
  "maxrate": 10.470299775159981
}