{
  "a1_0": 86.82768844997113,
  "a1_1": 0.12481160483736764,
  "b1_0": 0.03636308557245105,
  "b1_1": 0.07299197117480938,
  "a2_0": 5870.594264277059,
  "a2_1": 0.20381201621527256,
  "b2_0": 445.51379959201944,
  "b2_1": 0.014057437484476853,
  "a3_0": 1549.7689816436775,
  "a3_1": 0.08223497094200147,
  "b3_0": 460.3178077224841,
  "b3_1": 0.010814365773659428,
  "bh_0": 13.70152920233826,
  "bh_1": 9.233117481911744,
  "bh_2": 0.05775463093748526,
  "ah_0": 0.7125397402558968,
  "ah_1": 52695.59895637044,
  "ah_2": 0.07354314395481377,
  "vShift": 8.512610605026387,
  "vShift_inact": 34.5123160864453,
  "maxrate": 13.917366173297317
}