{
  "a1_0": 53.17840962704659,
  "a1_1": 0.06620305868116665,
  "b1_0": 21.52290179968731,
  "b1_1": 0.04942735215809631,
  "a2_0": 8836.157957969168,
  "a2_1": 0.2512878820980955,
  "b2_0": 472.3996108608206,
  "b2_1": 7.7761005729722825,
  "a3_0": 523.8848778953634,
  "a3_1": 0.00991450912511084,
  "b3_0": 474.5831303207217,
  "b3_1": 0.42547844376127025,
  "bh_0": 37.497295264645516,
  "bh_1": 12.884327185010616,
  "bh_2": 0.086807748672798,
  "ah_0": 36.351140234570906,
  "ah_1": 78184.24047280374,
  "ah_2": 0.01826146551771149,
  "vShift": 0,
  "vShift_inact": 0,
  "maxrate": 12.488180616063158
}