{
  "a1_0": 63.52687247769865,
  "a1_1": 0.05130703643336672,
  "b1_0": 0.13579074240381706,
  "b1_1": 0.038528966888720075,
  "a2_0": 19307.838394509618,
  "a2_1": 0.22255370049675877,
  "b2_0": 287.76891739586813,
  "b2_1": 18.999936742463266,
  "a3_0": 3134.804039682592,
  "a3_1": 0.1923862611629993,
  "b3_0": 495.7538910887652,
  "b3_1": 0.8729867568853192,
  "bh_0": 6.704358394495574,
  "bh_1": 6.777560116136677,
  "bh_2": 0.06444675240720582,
  "ah_0": 23.74307966097871,
  "ah_1": 7811.952615857546,
  "ah_2": 0.018131346588346812,
  "vShift": -7.957263237920417,
  "vShift_inact": -5.876473293292756,
  "maxrate": 4.575238073306082
}