c1,c2,c3,i1,i2,i3,i4,o
0.5226981749005667,0.009743214896549428,4.050449473872025e-05,0.458876545223878,0.008553564900126725,3.555884335525059e-05,2.451362246029695e-05,2.792311832499229e-05
0.5239502403451083,0.009672234354895873,3.981338651523019e-05,0.4577999058573568,0.00845128441266283,3.4788435852086166e-05,2.4124311266047488e-05,2.760889634291383e-05
0.525615013207651,0.009591553720358015,3.902220314502771e-05,0.45634197601630777,0.008327857605155973,3.388281102230624e-05,2.3560572117467694e-05,2.713386424223371e-05
0.5274348372906852,0.00951498316786477,3.8240191899178365e-05,0.4547255817949874,0.008203849614998801,3.297346813946106e-05,2.2935941835340864e-05,2.659852958980237e-05
0.5293165623885361,0.009444566359369097,3.748890167924594e-05,0.4530368140689592,0.008084122013818553,3.2092004248112784e-05,2.2302457187917466e-05,2.605180620192048e-05
0.531244619773609,0.009378237831624966,3.675983160808975e-05,0.4512944748731153,0.007967488355860532,3.123365968013121e-05,2.167600772540392e-05,2.550966677654786e-05
0.5332451857970254,0.009312588712459758,3.6031909547746284e-05,0.4494794279505574,0.007850365170701453,3.0378113642258275e-05,2.105286742333198e-05,2.496947864270324e-05
0.535368980426276,0.009243915981919988,3.5278895344977815e-05,0.44754919942308435,0.007728288311386833,2.949865006703785e-05,2.0419440403502273e-05,2.441887151727671e-05
0.537681742659001,0.009168632284518051,3.447350035724148e-05,0.4454463694567548,0.007596615608514869,2.856730058371113e-05,1.975808530012367e-05,2.384110497016381e-05
0.5402570846605105,0.009083494311301161,3.3590607440885266e-05,0.4431050119200981,0.007450989982633909,2.755877951437538e-05,1.9051070683013117e-05,2.32186678182723e-05
0.5431690297565983,0.008985838289070465,3.261048190792348e-05,0.44045744539244985,0.007287801868632045,2.6454252863000532e-05,1.8283793359219836e-05,2.253616511918339e-05
0.546483197308709,0.008873869291986,3.1522004713517466e-05,0.4374422340990988,0.007104701817309593,2.5244942063123173e-05,1.7447622362399847e-05,2.178291375744559e-05
0.5502470707091285,0.008746958101720473,3.0325307076730646e-05,0.43401313018460375,0.006901083633236866,2.3934814032108852e-05,1.6542120763200877e-05,2.0955129438347988e-05
0.5544810680497108,0.008605843412669437,2.903286784110454e-05,0.43014749927772417,0.006678381793825052,2.2541303304183662e-05,1.5576056045690154e-05,2.0057238879821155e-05
0.5591727564003822,0.008452635126293467,2.7668372879984353e-05,0.4258521432557691,0.006440034941642169,2.10933806883712e-05,1.4566693101336706e-05,1.9101829243509887e-05
0.5642760811975795,0.00829057277727622,2.6263382548089244e-05,0.42116474277942745,0.006191067206018229,1.9627215258864655e-05,1.3537360467339628e-05,1.8108081424594877e-05
0.5697160534439737,0.008123583215340383,2.4852683268871344e-05,0.4161503365870857,0.005937380500288694,1.8180624871708873e-05,1.2513906017337128e-05,1.7099039153684425e-05
0.5753976816557423,0.00795575244866496,2.3469607395535474e-05,0.41089373752687125,0.005684951413839687,1.678788179389269e-05,1.1521025790448186e-05,1.6098439901830326e-05
0.5812168730601215,0.007790842309272857,2.214241289019462e-05,0.4054898244550589,0.0054391344350484035,1.5476079276439545e-05,1.0579366832414005e-05,1.5127881499218435e-05
0.587070920835955,0.007631945863146994,2.0892247770303226e-05,0.4000338671961903,0.005204201609736004,1.4263506395668037e-05,9.70388845930789e-06,1.4204852346295521e-05
0.5928668427784963,0.0074813159984425314,1.9732650005670142e-05,0.39461355302608264,0.004983150474308413,1.3159787764407966e-05,8.90349029056617e-06,1.3341794609450041e-05
0.5985267746886994,0.007340350033692289,1.8670183455442687e-05,0.38930357447476927,0.004777735768851675,1.2167182857967372e-05,8.181593496952518e-06,1.2546074177140048e-05
0.6039904447029381,0.00720968469828057,1.7705714516329703e-05,0.38416287912868363,0.004588645519951725,1.1282404312677649e-05,7.537253534099377e-06,1.1820577782901307e-05
0.609215269519857,0.007089350026441998,1.6835905829867814e-05,0.3792341724719181,0.004415742539248804,1.0498467941728531e-05,6.966433087082672e-06,1.116463567539771e-05
0.6141748138575777,0.006978939327696227,1.605464017578108e-05,0.37454503577490555,0.004258311899684016,9.806290150070095e-06,6.4631845395599414e-06,1.0575025271110294e-05
0.6188563302458899,0.006877766572015369,1.5354220892958207e-05,0.37011000658360366,0.0041152789492770675,9.195918772973244e-06,6.02061406695105e-06,1.0046895481191887e-05
0.6232579543315264,0.006784996196213753,1.472629494673687e-05,0.36593307711965856,0.0039853825424055675,8.657394316456942e-06,5.631591458627569e-06,9.574529473728459e-06
0.6273859544056027,0.0066997406702291465,1.4162506733076962e-05,0.36201021833857333,0.0038673016375359096,8.181295393004621e-06,5.2892247084629115e-06,9.151921224410177e-06
0.6312522721866466,0.006621127621114558,1.3654922062112925e-05,0.3583316851891437,0.003759740719742159,7.75904135261366e-06,4.987143338400449e-06,8.773176599998923e-06
0.6348724662799621,0.006548341535525714,1.3196272469396231e-05,0.3548839781013504,0.0036614823806223086,7.383022953711271e-06,4.719639904275187e-06,8.432767212161826e-06
0.6382640836222396,0.006480646048252279,1.2780068721666866e-05,0.35165142065511007,0.0035714156005589677,7.046620186198609e-06,4.481714312110623e-06,8.125670619072817e-06
0.6414454320932307,0.006417392503734455,1.2400625343121457e-05,0.3486173669606073,0.0034885471794609897,6.744152145882537e-06,4.269056688044947e-06,7.84742878958904e-06
0.6444347008278654,0.006358019541304912,1.2053029071458046e-05,0.34576508145215984,0.00341200221192973,6.470790742050075e-06,4.077995172053866e-06,7.594151754690317e-06
0.6472493652929411,0.006302047345733597,1.1733075511677951e-05,0.34307834594235753,0.0033410179698293314,6.222459381896328e-06,3.9054268353638675e-06,7.3624874095324786e-06
0.6499058151632349,0.006249069165876507,1.1437190878957186e-05,0.3405418501853107,0.003274934248593063,5.995729820686349e-06,3.7487435093086727e-06,7.1495727759247865e-06
0.6524191495674244,0.006198741842671617,1.1162349910020274e-05,0.3381414175662515,0.003213182212077928,5.78772476528659e-06,3.6057596284678205e-06,6.952977270737423e-06
0.6548030931350831,0.006150776429260666,1.0905996712137803e-05,0.3358641100992945,0.003155273018808263,5.596030073637243e-06,3.474645957508246e-06,6.770644810139671e-06
0.6570699955008901,0.006104929513939592,1.0665972280181097e-05,0.3336982487007997,0.003100786984281736,5.418618013344121e-06,3.3538709526158555e-06,6.600838842669721e-06
0.6592308854327906,0.0060609955375653685,1.0440450376961657e-05,0.3316333768765465,0.0030493636784099274,5.253781619020718e-06,3.242150196014933e-06,6.442092495520465e-06
0.6612955580661336,0.006018800193824529,1.0227882180215555e-05,0.32966018908272054,0.003000693127403802,5.100079403645285e-06,3.1384035841473865e-06,6.293164749545138e-06
0.6632726797037981,0.005978194880777598,1.0026949336437749e-05,0.3277704393062806,0.00295450814817986,4.956289305884135e-06,3.0417195577904144e-06,6.1530027637477e-06
0.6651698993510177,0.005939052108367229,9.836524657180018e-06,0.3259568408479351,0.0029105777618792373,4.821370633270963e-06,2.951325500247723e-06,6.020710010209131e-06
0.6669939597415895,0.005901261739403247,9.655639520418152e-06,0.3242129647727036,0.002868701590952416,4.694432784446422e-06,2.8665634050106433e-06,5.895519641463521e-06
0.6687508032741162,0.0058647279362938325,9.483457010968984e-06,0.3225331418538021,0.0028287051267542568,4.574709633041718e-06,2.7868699657722964e-06,5.776772423951956e-06
0.670445670195103,0.005829366692960402,9.31924988429602e-06,0.3209123709125211,0.002790435752049923,4.461538588584163e-06,2.711760329968939e-06,5.663898562674241e-06
0.6720831877063407,0.005795103844663482,9.162382531963431e-06,0.3193462350965436,0.0027537594087802633,4.3543434909040475e-06,2.640814858878076e-06,5.556402790109735e-06
0.6736674495842846,0.00576187346370518,9.012296234069683e-06,0.31783082670314405,0.0027185578115066947,4.252620629019424e-06,2.573668338309043e-06,5.453852157908107e-06
0.6752020864847074,0.005729616564332381,8.868497093692705e-06,0.316362680540461,0.0026847261188829067,4.155927297375777e-06,2.5100011774879897e-06,5.355866047984414e-06
0.6766903274643162,0.005698280054080728,8.73054614890897e-06,0.3149387154353615,0.002652170987475358,4.063872408010642e-06,2.449532216089032e-06,5.262107993155445e-06
0.6781350534487116,0.005667815880902048,8.598051248851655e-06,0.31355618327504126,0.002620808943529157,3.976108766942469e-06,2.392012830022822e-06,5.172278970121718e-06
0.6795388434607013,0.005638180335745328,8.470660354518182e-06,0.312212624863986,0.002590565018549552,3.892326697787087e-06,2.337222085417074e-06,5.086111880272668e-06
0.6809040144385865,0.005609333478619347,8.348055993070192e-06,0.310905831844834,0.0025613716034738583,3.8122487571341775e-06,2.2849627393251452e-06,5.003366996575684e-06
0.6822326554441641,0.005581238662933218,8.229950645624141e-06,0.30963381394693307,0.0025331674838717727,3.73562533609611e-06,2.235057925243565e-06,4.923828190949445e-06
0.6835266570017288,0.005553862138407309,8.11608289090559e-06,0.3083947708726323,0.002505897025173573,3.662230982864047e-06,2.1873483935448454e-06,4.8472997907408705e-06
0.6847877362417406,0.005527172717017879,8.006214165941845e-06,0.3071870681893061,0.0024795094823001343,3.591861313680483e-06,2.141690203143177e-06,4.773603952576076e-06
0.6860174584461891,0.005501141489888919,7.900126028472394e-06,0.30600921666358794,0.0024539584126682017,3.524330405561914e-06,2.097952780920444e-06,4.702578450791059e-06
0.687217255520739,0.005475741585576383,7.797617832062227e-06,0.30485985453994474,0.0024292011752308764,3.4594685849846784e-06,2.0560172822901318e-06,4.634074809773843e-06
0.6883884418488864,0.005450947962241649,7.698504739986855e-06,0.303737732330367,0.00240519850130792,3.3971205432552946e-06,2.0157751991234247e-06,4.56795671486171e-06
0.6895322279196909,0.005426737227791445,7.602616020631135e-06,0.30264169974145533,0.002381914125490561,3.3371437226901305e-06,1.9771271719670606e-06,4.504098656363547e-06
0.6906497320643964,0.005403087483255371,7.509793576152255e-06,0.3015706944181524,0.0023593144669561998,3.279406928153379e-06,1.939981971550957e-06,4.4423847638076806e-06
0.6917419905868257,0.00537997818564055,7.419890666148516e-06,0.30052373223108647,0.002337368353233843,3.2237891270259383e-06,1.9042556212973238e-06,4.382707799023038e-06
0.6928099665294156,0.005357390027221307,7.332770796085243e-06,0.2994998988754067,0.0023160467798308843,3.170178407505467e-06,1.869870637928844e-06,4.32496828420078e-06
0.6938545572795171,0.005335304828792456,7.248306744073733e-06,0.29849834258450453,0.00229532270025939,3.118471070458447e-06,1.8367553712966334e-06,4.269073740869208e-06
0.6948766011884064,0.005313705444879496,7.166379705728857e-06,0.29751826779278784,0.0022751708419335324,3.0685708345159706e-06,1.8048434280911387e-06,4.2149380245677695e-06
0.6958768833486962,0.00529257567923893,7.08687853902094e-06,0.2965589296073256,0.0022555675441572965,3.0203881375306987e-06,1.774073166661771e-06,4.162480738598981e-06
0.6968561406529203,0.005271900209268284,7.009699096256568e-06,0.295619628970178,0.0022364906150448044,2.9738395205192367e-06,1.7443872526089056e-06,4.1116267191167734e-06
0.6978150662362093,0.005251664518193591,6.934743629230924e-06,0.2946997084123008,0.0022179192047426283,2.928847082355807e-06,1.7157322662280472e-06,4.0623055758131225e-06
0.6987543133913428,0.005231854834017432,6.861920259617588e-06,0.2937985483140438,0.002199833692699401,2.885337995520578e-06,1.6880583547264876e-06,4.014451286709036e-06
0.6996744990288722,0.005212458074448998,6.791142504702796e-06,0.29291556360220605,0.0021822155871354305,2.8432440746962155e-06,1.6613189229851382e-06,3.96800183488145e-06
0.7005762067452074,0.005193461797083731,6.722328851948109e-06,0.29205020082311905,0.002165047435104715,2.8025013912715456e-06,1.6354703577777175e-06,3.922898884135271e-06
0.7014599895515427,0.00517485415422649,6.655402376173128e-06,0.29120193554086043,0.002148312741797437,2.763049927876522e-06,1.6104717810903067e-06,3.87908748789651e-06
0.702326372308143,0.0051566238518497565,6.590290394219428e-06,0.29037027001774895,0.002131995897939981,2.7248332679675876e-06,1.5862848288609573e-06,3.836515827297826e-06
0.7031758539025852,0.0051387601122135544,6.526924152601203e-06,0.28955473114001157,0.002116082114294067,2.687798316161362e-06,1.5628734519837378e-06,3.7951349748921378e-06
0.7040089092039569,0.005121252639776371,6.465238544383088e-06,0.2887548685578346,0.002100557362424166,2.651895045682768e-06,1.5402037368979514e-06,3.7548986809762983e-06
0.7048259908212237,0.005104091590033035,6.405171851931193e-06,0.28797025301270546,0.0020854083209927545,2.61707626974458e-06,1.5182437434409496e-06,3.715763179892385e-06
0.7056275306895723,0.005087267540980042,6.346665512701619e-06,0.28720047482917327,0.0020706223269555345,2.583297434135706e-06,1.4969633579728885e-06,3.677687014096138e-06
0.706413941505264,0.005070771466940827,6.289663905411532e-06,0.28644514255131726,0.0020561873311101216,2.5505164286398765e-06,1.4763341600292686e-06,3.6406308736406182e-06
0.7071856180267668,0.005054594714513124,6.234114154912104e-06,0.28570388170687666,0.0020420918575215614,2.5186934152566896e-06,1.4563293010554254e-06,3.60455745066955e-06
0.7079429382571444,0.005038728980442827,6.1799659529425514e-06,0.284976333684671,0.002028324966418848,2.48779067138862e-06,1.4369233938267872e-06,3.5694313048431588e-06
0.7086862645213582,0.00502316629122235,6.127171394192273e-06,0.2842621547122363,0.0020148762201892424,2.457772446463283e-06,1.4180924115204875e-06,3.535218741768609e-06
0.7094159444498371,0.005007898984257917,6.075684825300689e-06,0.2835610149227955,0.002001735652157956,2.428604830579296e-06,1.399813595355795e-06,3.501887700298661e-06
0.7101323118783519,0.004992919690460071,6.0254627059546365e-06,0.28287259750195465,0.0019888937378740217,2.4002556339802907e-06,1.3820653699671947e-06,3.4694076494440654e-06
0.7108356876732738,0.004978221318115155,5.976463480778268e-06,0.28219659790544643,0.0019763413686485188,2.372694276269167e-06,1.3648272657209544e-06,3.437749493373849e-06
0.7115263804896312,0.004963797037934903,5.928647461009938e-06,0.28153272314082173,0.0019640698271355416,2.345891684430627e-06,1.3480798472960945e-06,3.4068854837749825e-06
0.7122046874686316,0.004949640269182989,5.881976715225654e-06,0.2808806911067191,0.0019520707647650293,2.319820198838168e-06,1.33180464794589e-06,3.376789139268382e-06
0.7128708948810922,0.004935744666764201,5.836414967764535e-06,0.2802402299835671,0.0019403361808433934,2.2944534864428274e-06,1.3159841088419604e-06,3.347435169985847e-06
0.7135252787218911,0.004922104109202087,5.7919275049899005e-06,0.27961107767083454,0.00192885840317466,2.2697664605401717e-06,1.3006015231111148e-06,3.3187994090721115e-06
0.7141681052598315,0.004908712687440159,5.7484810878041585e-06,0.27899298126662947,0.0019176300700727384,2.24573520648442e-06,1.2856409840520324e-06,3.2908587477617656e-06
0.714799631547401,0.004895564694383741,5.706043870739217e-06,0.2783856965853839,0.0019066441136339762,2.22233691285098e-06,1.271087337236434e-06,3.26359107648175e-06
0.7154201058940417,0.004882654615124719,5.66458532617132e-06,0.27778898771017196,0.001895893744163133,2.199549807526826e-06,1.2569261360639496e-06,3.236975228693378e-06
0.716029768306043,0.004869977117801345,5.624076174040038e-06,0.27720262657669376,0.0018853724356592625,2.1773530983526546e-06,1.2431436005486158e-06,3.2109909297603856e-06
0.7166288508963348,0.004857527045027828,5.58448831600163e-06,0.2766263925858115,0.0018750739122645418,2.1557269178872243e-06,1.2297265789994137e-06,3.185618748469312e-06
0.7172175782665485,0.004845299405860814,5.545794774296295e-06,0.27606007224237533,0.0018649921356038244,2.1346522719978055e-06,1.21666251241582e-06,3.1608400528500356e-06
0.7177961678636978,0.004833289368260234,5.507969634048337e-06,0.2755034588181045,0.0018551212929429526,2.114110991909324e-06,1.203939401282953e-06,3.1366369673843943e-06
0.7183648303137521,0.004821492252000699,5.470987989660807e-06,0.2749563520363621,0.0018454557860970336,2.0940856894736825e-06,1.1915457746567993e-06,3.1129923343641463e-06
0.7189237697340822,0.004809903521997398,5.434825894579746e-06,0.27441855777694296,0.001835990221028712,2.0745597153896725e-06,1.1794706613216661e-06,3.0898896774368894e-06
0.7194731840262584,0.00479851878202552,5.399460313844242e-06,0.27388988779946344,0.0018267193980892526,2.055517120123324e-06,1.1677035628190087e-06,3.06731316664953e-06
0.7200132651507187,0.004787333768805203,5.3648690798666395e-06,0.27337015948390964,0.0018176383028543274,2.0369426173563695e-06,1.1562344282653265e-06,3.0452475866624968e-06
0.7205441993851414,0.004776344346408356,5.331030850718914e-06,0.27285919558661254,0.0018087420975000407,2.0188215497323538e-06,1.1450536307737553e-06,3.023678306364231e-06
0.7210661675673506,0.004765546500983828,5.297925071039476e-06,0.27235682401085093,0.0018000261126905812,2.0011398567596174e-06,1.1341519453877799e-06,3.002591250712579e-06
0.7215793453242078,0.004754936335765715,5.265531935019211e-06,0.2718628775907116,0.0017914858399332159,1.9838840446779884e-06,1.1235205283763647e-06,2.981972873690533e-06
0.7220839032870903,0.004744510066363622,5.233832351629788e-06,0.27137719388762716,0.0017831169243780205,1.9670411581771997e-06,1.1131508978213806e-06,2.961810133175431e-06
0.7225800072956196,0.004734264016286946,5.2028079121817515e-06,0.2708996149980296,0.0017749151580143685,1.9505987538292068e-06,1.103034915427703e-06,2.9420904680955744e-06
0.7230678185900992,0.00472419461270545,5.172440858914192e-06,0.2704299873716702,0.001766876473247032,1.934544875056531e-06,1.0931647693531966e-06,2.9228017747377416e-06
0.7235474939932199,0.004714298382439973,5.142714056256621e-06,0.2699681616400785,0.001758996936831376,1.9188680286310955e-06,1.0835329581540903e-06,2.9039323870915216e-06
0.7240191860822325,0.004704571948147733,5.113610963033665e-06,0.2695139924540304,0.00175127274413209,1.9035571625037522e-06,1.074132275621011e-06,2.885471056188372e-06
0.7244830433521048,0.004695012024697383,5.085115606298652e-06,0.2690673383295309,0.0017437002136880175,1.8886016449050355e-06,1.0649557965058124e-06,2.8674069313120585e-06
0.7249392103700163,0.004685615415732285,5.057212556946092e-06,0.2686280615019748,0.0017362757820690408,1.87399124466799e-06,1.0559968631138375e-06,2.84972954298302e-06
0.7253878279221346,0.004676379010393596,5.029886906142252e-06,0.26819602778759793,0.0017289959989969803,1.8597161126265064e-06,1.0472490726170311e-06,2.8324287855223405e-06
0.7258290331530564,0.004667299780200234,5.003124243311218e-06,0.2677711064518521,0.001721857522717224,1.845766764061283e-06,1.0387062651117237e-06,2.8154949016277747e-06
0.7262629596981036,0.00465837477608693,4.9769106350151546e-06,0.26735317008452125,0.0017148571156117146,1.8321340621082253e-06,1.0303625123229437e-06,2.7989184669068986e-06
0.7266897378094372,0.004649601125569448,4.951232605251127e-06,0.2669420944806767,0.0017079916400260524,1.8188092020790188e-06,1.0222121069645507e-06,2.782690376243185e-06
0.7271094944759933,0.004640976030046528,4.926077116317235e-06,0.26653775852745776,0.0017012580543072004,1.805783696608748e-06,1.0142495526417913e-06,2.766801829571863e-06
0.7275223535378147,0.004632496762222228,4.90143155112316e-06,0.2661400440961419,0.001694653409034247,1.7930493616188593e-06,1.006469554346696e-06,2.7512443198478393e-06
0.7279284357948324,0.004624160663652994,4.877283695962771e-06,0.2657488359394487,0.0016881748434373104,1.7805983030095495e-06,9.988670094277224e-07,2.736009620253623e-06
0.7283278591108832,0.004615965142393427,4.853621724433778e-06,0.26536402159334,0.0016818195819826567,1.7684229040528048e-06,9.914369990649842e-07,2.721089773110349e-06
0.7287207385128606,0.004607907670752414,4.830434182080537e-06,0.26498549128340865,0.0016755849311238728,1.7565158134458537e-06,9.841747801926047e-07,2.7064770789342586e-06
0.7291071862853394,0.004599985783149307,4.807709971404663e-06,0.2646131378355354,0.0016694682762075364,1.7448699339539155e-06,9.770757778041445e-07,2.6921640852020774e-06
0.7294873120611881,0.0045921970740553705,4.785438338343776e-06,0.2642468565903321,0.0016634670785189306,1.7334784116676485e-06,9.701355777275522e-07,2.678143577726463e-06
0.7298612229083214,0.004584539196019677,4.763608858711049e-06,0.26388654532122224,0.001657578872462111,1.7223346257683808e-06,9.633499197087795e-07,2.664408570314813e-06
0.7302290234122967,0.004577009857795228,4.742211425517745e-06,0.26353210415643863,0.001651801262878268,1.711432178824368e-06,9.56714690868094e-07,2.650952295914735e-06
0.7305908157557482,0.004569606822527085,4.721236236956922e-06,0.2631834355040057,0.001646131922476566,1.7007648875609114e-06,9.502259194922126e-07,2.6377681982636106e-06
0.730946699794398,0.004562327906019674,4.700673784876657e-06,0.2628404439799483,0.0016405685893822854,1.6903267740857816e-06,9.43879769131729e-07,2.6248499236835693e-06
0.731296773129818,0.004555170975078023,4.680514843685731e-06,0.2625030363395611,0.0016351090647955646,1.6801120575370454e-06,9.376725329810904e-07,2.612191313078695e-06
0.7316411311792946,0.0045481339459120754,4.660750459986628e-06,0.26217112141141286,0.001629751210750816,1.6701151461436068e-06,9.31600628555596e-07,2.599786394917631e-06
0.7319798672428726,0.0045412147826043026,4.641371942446937e-06,0.2618446100340072,0.0016244929479733556,1.6603306296544446e-06,9.256605926067065e-07,2.5876293778396114e-06
0.7323130725676122,0.0045344114956418465,4.622370852209351e-06,0.26152341499507054,0.0016193322538306022,1.650753272132176e-06,9.19849076289878e-07,2.575714643949218e-06
0.732640836409314,0.004527722140505023,4.603738993869691e-06,0.26120745097322856,0.0016142671603702498,1.6413780050957952e-06,9.141628405793962e-07,2.564036742698546e-06
0.7329632460919139,0.004521144816306476,4.5854684063801166e-06,0.26089663448187733,0.0016092957524393616,1.632199920951449e-06,9.085987518536827e-07,2.5525903838559004e-06
0.7332803870645378,0.004514677664484846,4.5675513549941935e-06,0.26059088381526163,0.001604416165883417,1.6232142667633402e-06,9.031537777489525e-07,2.5413704326220972e-06
0.7335923429562567,0.004508318867552187,4.5499803232383326e-06,0.2602901189967198,0.0015996265858226183,1.614416438305033e-06,8.978249831829189e-07,2.5303719037311662e-06
0.7338991956289871,0.004502066647878994,4.532748005004843e-06,0.25999426172867834,0.001594925244994154,1.605801974355269e-06,8.926095265362799e-07,2.5195899555689928e-06
0.7342010252280357,0.004495919266539709,4.515847297195006e-06,0.25970323534486445,0.001590310422170508,1.5973665512713288e-06,8.875046560292122e-07,2.509019885133012e-06
0.7344979102311865,0.004489875022183168,4.499271293023001e-06,0.2594169647638971,0.0015857804406322318,1.589105977819191e-06,8.825077062993755e-07,2.4986571239692245e-06
0.734789927495657,0.004483932249958222,4.4830132748711604e-06,0.25913537644488294,0.001581333666709666,1.5810161902051563e-06,8.77616095068356e-07,2.488497232244228e-06
0.7350771523036048,0.0044780893204672744,4.467066707949364e-06,0.258858398344381,0.0015769685083768055,1.5730932473379388e-06,8.728273199991582e-07,2.4785358948489155e-06
0.7353596584057718,0.004472344638767118,4.451425234205947e-06,0.2585859598751217,0.0015726834139059194,1.5653333263133334e-06,8.681389556990859e-07,2.4687689172208217e-06
0.7356375180635847,0.0044666966434036065,4.436082666269359e-06,0.2583179918661815,0.001568476870574254,1.5577327180818708e-06,8.635486508352435e-07,2.459192220861127e-06
0.7359108020899486,0.004461143805473087,4.421032981594781e-06,0.25805442652439187,0.001564347403417097,1.5502878232903555e-06,8.590541253681527e-07,2.449801839128231e-06
0.7361795798885203,0.0044556846277213685,4.40627031715242e-06,0.2577951973971795,0.001560293574031315,1.5429951483237464e-06,8.546531679361037e-07,2.440593913918936e-06
0.7364439194914846,0.004450317643679017,4.391788964265333e-06,0.2575402393368176,0.001556313979427553,1.5358513015224938e-06,8.503436333525307e-07,2.431564692104475e-06
0.7367038875962385,0.004445041416817223,4.377583363172215e-06,0.257289488465709,0.0015524072509213486,1.5288529895206772e-06,8.461234401611451e-07,2.422710521081992e-06
0.7369595496006274,0.004439854539741277,4.363648098499187e-06,0.2570428821430336,0.0015485720530706273,1.521997013780433e-06,8.419905683601829e-07,2.414027846425626e-06
0.7372109696370717,0.004434755633407227,4.349977894487052e-06,0.25680035893244313,0.0015448070826509829,1.515280267252446e-06,8.379430571884476e-07,2.405513208174991e-06
0.7374582106056976,0.004429743346359358,4.336567610379995e-06,0.25656185857069497,0.001541111067666047,1.5086997311631225e-06,8.339790029976115e-07,2.3971632375366064e-06
0.737701334206101,0.004424816354004439,4.3234122363308645e-06,0.25632732193757424,0.0015374827664003724,1.5022524719631504e-06,8.300965572481635e-07,2.3889746544701855e-06
0.737940400968225,0.004419973357902482,4.310506889079159e-06,0.25609669102665283,0.001533920966503255,1.495935638376482e-06,8.262939245537211e-07,2.380944264275542e-06
0.7381754702822586,0.004415213085080246,4.29784680804877e-06,0.2558699089169731,0.0015304244841054953,1.4897464585793465e-06,8.225693608276265e-07,2.3730689551769684e-06
0.7384066004273423,0.004410534287375771,4.2854273512638155e-06,0.2556469197458539,0.0015269921629728588,1.483682237480733e-06,8.189211714754007e-07,2.365345695014319e-06
0.7386338485996539,0.004405935740791709,4.273243991966977e-06,0.2554276686822856,0.0015236228736832586,1.4777403541331721e-06,8.153477097110986e-07,2.3577715296416923e-06
0.7388572709394072,0.004401416244877953,4.261292314970556e-06,0.25521210190134797,0.0015203155128377503,1.4719182592380502e-06,8.118473749104358e-07,2.350343580020816e-06
0.739076922557069,0.00439697462213048,4.2495680130095036e-06,0.2550001665593665,0.0015170690022977692,1.466213472731875e-06,8.084186110126109e-07,2.343059039425696e-06
0.7392928575587426,0.004392609717410024,4.238066883648143e-06,0.2547918107698557,0.0015138822884495215,1.4606235814909843e-06,8.050599050249668e-07,2.3359151718189496e-06
0.7395051290707135,0.004388320397380807,4.226784826081403e-06,0.25458698358025217,0.0015107543414950816,1.455146237121184e-06,8.017697855709404e-07,2.3289093094701055e-06
0.7397137892633321,0.004384105549962843,4.215717837969858e-06,0.25438563494927513,0.0015076841547660635,1.4497791538223374e-06,7.985468214851837e-07,2.3220388506467957e-06
0.7399188893739791,0.004379964083808503,4.204862012393937e-06,0.2541877157251509,0.0015046707440648812,1.444520106337875e-06,7.95389620463062e-07,2.3153012574287815e-06
0.7401204797295757,0.00437589492778539,4.194213535278297e-06,0.2539931776242701,0.0015017131470233332,1.4393669279993728e-06,7.922968277978037e-07,2.3086940544885888e-06
0.7403186097682067,0.004371897030483568,4.18376868236412e-06,0.2538019732106796,0.0014988104224876026,1.4343175088239561e-06,7.892671251182068e-07,2.3022148263406143e-06
0.7405133280602368,0.00436796935973184,4.173523816694658e-06,0.2536140558760548,0.001495961649920939,1.429369793696314e-06,7.86299229208877e-07,2.295861216065363e-06
0.7407046823287537,0.0043641109021307955,4.163475386057354e-06,0.253429379820307,0.0014931659288275245,1.4245217806183066e-06,7.833918908664373e-07,2.2896309234614366e-06
0.7408927194693532,0.004360320662601724,4.153619920362318e-06,0.2532479000328122,0.0014904223781966788,1.4197715190139306e-06,7.805438937835032e-07,2.283521702998784e-06
0.7410774855693258,0.00435659766394942,4.143954029487635e-06,0.25306957227420523,0.0014877301359657667,1.4151171081190264e-06,7.777540535105783e-07,2.2775313628316447e-06
0.7412590259264404,0.0043529409464314025,4.1344744005529264e-06,0.252894353058556,0.001485088358497539,1.4105566953896767e-06,7.750212163952295e-07,2.2716577620955145e-06
0.7414373850670822,0.004349349567345144,4.125177796386598e-06,0.2527221996361543,0.0014824962200770603,1.4060884750345342e-06,7.723442586649349e-07,2.2658988112985044e-06
0.7416126067637987,0.004345822600628992,4.116061052588399e-06,0.2525530699768531,0.001479952912426335,1.4017106865259696e-06,7.697220854113851e-07,2.26025246851151e-06
0.7417847340525454,0.004342359136467106,4.107121075908269e-06,0.2523869227536986,0.0014774576442304595,1.3974216132135608e-06,7.671536297160895e-07,2.254716739609999e-06
0.7419538092490735,0.004338958280920553,4.098354842268153e-06,0.2522237173273675,0.001475009640686856,1.3932195809910643e-06,7.646378517814523e-07,2.249289676600663e-06
0.7421198739653058,0.004335619155549928,4.08975939456571e-06,0.25206341373061975,0.0014726081430591798,1.3891029569754382e-06,7.621737380611372e-07,2.2439693757349506e-06
0.7422829691250123,0.0043323408970600726,4.08133184100333e-06,0.25190597265340986,0.0014702524082510322,1.3850701482634446e-06,7.597603004631482e-07,2.238753976875221e-06
0.7424431349789314,0.004329122656958569,4.073069353151417e-06,0.2517513554285234,0.0014679417083953792,1.3811196007215903e-06,7.573965755554312e-07,2.2336416618098286e-06
0.7426004111198053,0.0043259636012102564,4.064969164149474e-06,0.2515995240172956,0.0014656753304498078,1.3772497978089976e-06,7.550816238024135e-07,2.228630653086593e-06
0.7427548364967298,0.004322862909913554,4.057028567256035e-06,0.25145044099597696,0.001463452575810563,1.373459259470106e-06,7.528145288595631e-07,2.2237192134410603e-06
0.7429064494291815,0.004319819776981908,4.049244913919376e-06,0.2513040695424042,0.0014612727599368533,1.3697465410350076e-06,7.505943968445545e-07,2.2189056438406373e-06
0.7430552876205819,0.004316833409837153,4.0416156122107146e-06,0.25116037342310965,0.0014591352119884373,1.366110232169643e-06,7.484203556578279e-07,2.2141882826558724e-06
0.743201388171779,0.004313903029100453,4.034138125659842e-06,0.25101931698051055,0.0014570392744685415,1.3625489558823448e-06,7.462915543635109e-07,2.2095655055060515e-06
0.7433447875938672,0.004311027868304049,4.026809971248227e-06,0.25088086512072055,0.00145498430288423,1.359061367524085e-06,7.442071625114595e-07,2.2050357227455993e-06
0.7434855218208448,0.004308207173603229,4.0196287181808905e-06,0.25074498330151773,0.0014529696654131702,1.3556461538469006e-06,7.421663695419798e-07,2.200597379379294e-06
0.7436236262217399,0.0043054402035041395,4.012591986690951e-06,0.25061163752081367,0.0014509947425846313,1.3523020321110898e-06,7.401683842187171e-07,2.1962489544069635e-06
0.7437591356126008,0.004302726228590758,4.005697446451734e-06,0.25048079430525355,0.001449058926966071,1.349027749192106e-06,7.382124340400214e-07,2.1919889592346737e-06
0.7438920842680882,0.004300064531262925,3.998942815116374e-06,0.2503524206991907,0.0014471616228610065,1.345822080715585e-06,7.362977646719754e-07,2.1878159366040677e-06
0.7440225059327741,0.004297454405481305,3.992325857513897e-06,0.25022648425394073,0.0014453022460157376,1.3426838302610548e-06,7.344236394612226e-07,2.183728460926099e-06
0.7441504338322131,0.004294895156516157,3.9858443839972515e-06,0.2501029530172499,0.0014434802233334136,1.3396118285462774e-06,7.325893388859209e-07,2.1797251361418033e-06
0.744275900683698,0.004292386100704479,3.979496249371058e-06,0.24998179552306257,0.0014416949925973109,1.3366049326587125e-06,7.307941600678167e-07,2.175804595502004e-06
0.7443989387065613,0.004289926565220338,3.973279351997816e-06,0.24986298078171768,0.0014399460022058112,1.33366202533429e-06,7.290374163210222e-07,2.1719655012864786e-06
0.7445195796324829,0.0042875158878395506,3.967191632210953e-06,0.24974647827014226,0.0014382327109093616,1.3307820142095356e-06,7.273184366462578e-07,2.1682065428038098e-06
0.7446378547153758,0.004285153416717991,3.9612310715529465e-06,0.2496322579224427,0.001436554587558696,1.3279638311396455e-06,7.256365653101726e-07,2.1645264367374667e-06
0.7447537947411302,0.004282838510171072,3.955395691714547e-06,0.24952029012062985,0.0014349111108580455,1.325206431527698e-06,7.239911614145436e-07,2.160923926197521e-06
0.7448674300369325,0.004280570536465942,3.949683553272609e-06,0.24941054568574747,0.0014333017691292077,1.3225087936616442e-06,7.223815984554102e-07,2.1573977794591884e-06
0.744978790480436,0.004278348873615119,3.94409275505128e-06,0.24930299586914112,0.0014317260600803787,1.3198699181023732e-06,7.208072639505741e-07,2.153946790294946e-06
0.745087905508795,0.004276172909171758,3.938621432791033e-06,0.24919761234385826,0.0014301834905798053,1.3172888270531931e-06,7.192675590148933e-07,2.1505697762268615e-06
0.745194804127401,0.004274042040033826,3.933267758577485e-06,0.2490943671963282,0.0014286735764375564,1.31476456378702e-06,7.177618980135713e-07,2.1472655790026236e-06
0.7452995149184483,0.004271955672251142,3.928029939593982e-06,0.2489932329182053,0.0014271958421925412,1.312296192056726e-06,7.162897081650694e-07,2.14403306293725e-06
0.745402066049176,0.004269913220841885,3.922906217472391e-06,0.24889418239851685,0.0014257498209078296,1.3098827955523806e-06,7.148504292057372e-07,2.140871115091918e-06
0.7455024852800101,0.004267914109609316,3.917894867471804e-06,0.24879718891590874,0.0014243350539695342,1.3075234773693768e-06,7.134435130517044e-07,2.1377786446190393e-06
0.7456007999724845,0.004265957770963894,3.912994197288822e-06,0.24870222613109816,0.0014229510908918067,1.3052173594658802e-06,7.120684234312577e-07,2.134754581344165e-06
0.7456970370969531,0.004264043645751082,3.908202546820095e-06,0.24860926807952655,0.0014215974891276931,1.302963582189411e-06,7.10724635614316e-07,2.131797876803676e-06
0.7457912232400744,0.004262171183084298,3.903518286947219e-06,0.24851828916422639,0.0014202738138859327,1.3007613037720009e-06,7.094116360645563e-07,2.1289075022972026e-06
0.7458833846121675,0.004260339840179848,3.898939818778862e-06,0.24842926414881142,0.0014189796379517026,1.2986096998498875e-06,7.081289221330394e-07,2.1260824487009305e-06
0.7459735470544335,0.004258549082194881,3.894465573287653e-06,0.2483421681505951,0.001417714541511574,1.2965079630265125e-06,7.068760018008829e-07,2.1233217268485973e-06
0.7460617360460068,0.00425679838206919,3.890094010145457e-06,0.248256976633869,0.0014164781119832997,1.2944553024052302e-06,7.056523933558589e-07,2.1206243657428062e-06
0.7461479767106601,0.0042550872203780035,3.885823617394347e-06,0.24817366540350896,0.0014152699438538263,1.2924509431785522e-06,7.044576251499381e-07,2.1179894132450965e-06
0.7462322938236549,0.0042534150851758325,3.881652910515721e-06,0.24809221059844697,0.0014140896385154043,1.2904941261943926e-06,7.032912353103906e-07,2.1154159348006804e-06
0.7463147118181113,0.004251781471857412,3.877580431889852e-06,0.24801258868559403,0.001412936804112821,1.2885841075587318e-06,7.021527714913051e-07,2.112903013422317e-06
0.7463952547914355,0.004250185883013013,3.8736047501629845e-06,0.24793477645371298,0.0014118110553902818,1.2867201582422895e-06,7.010417906244262e-07,2.1104497492123157e-06
0.7464739465115162,0.004248627828290768,3.86972445955513e-06,0.2478587510075083,0.0014107120135441638,1.284901563695557e-06,6.999578586697894e-07,2.1080552587717032e-06
0.7465508104228239,0.004247106824260417,3.8659381792818504e-06,0.24778448976180897,0.0014096393060787306,1.2831276234780794e-06,6.989005503816226e-07,2.1057186749138327e-06
0.7466258696522532,0.004245622394284861,3.8622445530966585e-06,0.2477119704359942,0.0014085925666680102,1.2813976509105376e-06,6.978694490935272e-07,2.103439146541132e-06
0.7466991470150618,0.004244174068385463,3.858642248629171e-06,0.24764117104833047,0.0014075714350166128,1.2797109727196549e-06,6.968641464895911e-07,2.101215837985783e-06
0.7467706650204101,0.004242761383121232,3.855129956576608e-06,0.24757206991068315,0.0014065755567296825,1.278066928685052e-06,6.958842423638499e-07,2.099047928091407e-06
0.7468404458769972,0.004241383881462014,3.851706390731042e-06,0.24750464562314134,0.0014056045831816277,1.2764648713394083e-06,6.949293444636018e-07,2.096934611377024e-06
0.7469085114984332,0.004240041112669942,3.848370286856519e-06,0.24743887706888906,0.0014046581713911353,1.2749041656223164e-06,6.939990682349612e-07,2.094875095877393e-06
0.7469748835085167,0.0042387326321827274,3.845120402646232e-06,0.2473747434091695,0.0014037359838988412,1.2733841885917688e-06,6.930930366667865e-07,2.092868604324552e-06
0.7470395832464405,0.004237458001497451,3.841955516871717e-06,0.2473122240783162,0.0014028376886471748,1.271904329106401e-06,6.922108800693057e-07,2.0909143726640016e-06
0.7471026317717059,0.0042362167880640655,3.83887442917531e-06,0.2472512987790601,0.0014019629588668252,1.2704639875496345e-06,6.913522359137148e-07,2.089011650609788e-06
0.7471640498691234,0.004235008565172783,3.835875959330146e-06,0.2471919474777576,0.0014011114729619507,1.2690625755304374e-06,6.905167486282764e-07,2.0871597005262912e-06
0.747223858053708,0.004233832911845037,3.832958947234404e-06,0.24713415039971776,0.001400282914398507,1.2676995156318194e-06,6.897040694657714e-07,2.085357798374332e-06
0.7472820765752636,0.004232689412734262,3.8301222518883515e-06,0.2470778880248218,0.0013994769715994356,1.2663742411174959e-06,6.889138562833261e-07,2.0836052317255895e-06
0.7473387254231628,0.004231577658017272,3.827364751265251e-06,0.24702314108296247,0.0013986933378364425,1.2650861956765284e-06,6.881457734003998e-07,2.0819013006336835e-06
0.7473938243308123,0.0042304972432972675,3.824685341996103e-06,0.24696989054977744,0.0013979317111290344,1.2638348331830605e-06,6.873994914518335e-07,2.080245317364405e-06
0.7474473927799574,0.004229447769510399,3.82208293873748e-06,0.2469181176425362,0.0013971917941470644,1.2626196174426496e-06,6.866746872141307e-07,2.078636605521959e-06
0.74749945000513,0.004228428842825093,3.819556473869118e-06,0.24686780381589463,0.001396473294110913,1.2614400219523332e-06,6.859710434613713e-07,2.0770745001980937e-06
0.7475500149978089,0.004227440074551756,3.817104897097794e-06,0.24681893075791803,0.0013957759226982062,1.2602955296708994e-06,6.852882488187558e-07,2.075558347611886e-06
0.7475991065104854,0.004226481081054044,3.81472717503461e-06,0.24677148038619748,0.0013950993959527724,1.2591856327919886e-06,6.846259976164631e-07,2.0740875047597074e-06
0.7476467430608155,0.004225551483655382,3.812422291024711e-06,0.24672543484388385,0.0013944434341923433,1.2581098325341686e-06,6.839839897702175e-07,2.072661339685737e-06
0.7476929429355318,0.0042246509085538,3.810189244411756e-06,0.24668077649594852,0.0013938077619217617,1.2570676389083195e-06,6.833619306124757e-07,2.0712792302156307e-06
0.7477377241943441,0.004223778986735819,3.808027050487622e-06,0.24663748792545662,0.0013931921077468018,1.2560585705216467e-06,6.827595307864566e-07,2.0699405647025868e-06
0.7477811046736277,0.004222935353897104,3.80593474015119e-06,0.24659555193004035,0.001392596204292654,1.2550821543832127e-06,6.821765061225874e-07,2.06864474157078e-06
0.7478231019901586,0.004222119650359227,3.803911359322095e-06,0.24655495151832935,0.0013920197881217072,1.2541379256912272e-06,6.81612577490937e-07,2.0673911685200173e-06
0.7478637335448006,0.004221331520987966,3.8019559689633366e-06,0.24651566990642781,0.0013914625996529397,1.2532254276582244e-06,6.810674707116976e-07,2.066179263307784e-06
0.747903016525958,0.0042205706151192115,3.8000676444299977e-06,0.24647769051461169,0.0013909243830863916,1.2523442113119216e-06,6.805409164095292e-07,2.0650084524955578e-06
0.7479409679131616,0.004219836586478343,3.798245475420531e-06,0.2464409969639022,0.0013904048863252476,1.251493835322823e-06,6.800326499215622e-07,2.063878172113683e-06
0.7479776044803876,0.004219129093109129,3.7964885654185134e-06,0.2464055730728902,0.0013899038609037915,1.2506738658174778e-06,6.795424111639998e-07,2.0627878666594353e-06
0.7480129427994725,0.004218447797297748,3.7947960318723984e-06,0.24637140285447326,0.0013894210619137155,1.2498838762320955e-06,6.790699445685129e-07,2.0617369902053727e-06
0.7480469992432327,0.004217792365506607,3.7931670051720887e-06,0.24633847051286867,0.0013889562479366406,1.249123447109956e-06,6.786149989111373e-07,2.0607250041333942e-06
