c1,c2,c3,i1,i2,i3,i4,o
0.9020791813004244,3.048586522626875e-10,4.944748172755191e-10,0.09792081722217778,1.0656847850264968e-13,1.591173796298119e-13,1.8736014032137855e-13,6.77611141622266e-10
0.9020791814534914,3.048555732391686e-10,4.943528709988443e-10,0.09792081707411072,1.0656841922816254e-13,1.5911702397382833e-13,1.8735439697578905e-13,6.727362213046752e-10
0.9020791817372417,3.048466885464303e-10,4.941178667524651e-10,0.09792081679536033,1.0656828712638323e-13,1.591160734879398e-13,1.8734319380810496e-13,6.679804254519823e-10
0.9020791821350235,3.048295910221359e-10,4.937780434099188e-10,0.09792081640257802,1.065680607168817e-13,1.591143156243254e-13,1.8732679372728715e-13,6.633378351873322e-10
0.9020791826367714,3.048021649433268e-10,4.933410493844752e-10,0.09792081590582913,1.0656771009334957e-13,1.5911155905669107e-13,1.8730543741116859e-13,6.588033093416426e-10
0.902079183236858,3.04762559987283e-10,4.928139728249152e-10,0.09792081531074105,1.0656719875058946e-13,1.591076323901575e-13,1.872793456859141e-13,6.543714767748734e-10
0.9020791839322677,3.0470916770979605e-10,4.922033993025439e-10,0.09792081462032892,1.0656648517819091e-13,1.5910238296683915e-13,1.8724872291090688e-13,6.500379195145502e-10
0.902079184721497,3.04640599641316e-10,4.915154381326468e-10,0.0979208138360961,1.0656552410029201e-13,1.5909567547033069e-13,1.8721375842640089e-13,6.457980545241503e-10
0.9020791856039302,3.045556672291299e-10,4.907557602391504e-10,0.09792081295865791,1.0656426745491088e-13,1.590873904730429e-13,1.871746282049297e-13,6.416476677384723e-10
0.9020791865794844,3.0445336334455405e-10,4.899296277742479e-10,0.09792081198809705,1.065626651914087e-13,1.590774230044641e-13,1.8713149596185744e-13,6.375826779226979e-10
0.902079187648401,3.0433284550982784e-10,4.890419323466783e-10,0.09792081092417183,1.0656066593608838e-13,1.59065681213486e-13,1.8708451458487433e-13,6.335995566093759e-10
0.9020791888111191,3.041934203617474e-10,4.880972168676634e-10,0.09792080976644275,1.0655821755535901e-13,1.590520851118905e-13,1.870338267867418e-13,6.296947642345502e-10
0.9020791900681964,3.040345291920295e-10,4.870996930445377e-10,0.09792080851435207,1.0655526763492847e-13,1.590365653998075e-13,1.869795655446586e-13,6.258646338752324e-10
0.9020791914202566,3.0385573523880647e-10,4.86053287337479e-10,0.09792080716727537,1.0655176389021407e-13,1.5901906244152506e-13,1.8692185585161566e-13,6.221065572468047e-10
0.9020791928679565,3.036567112739231e-10,4.849616320776552e-10,0.0979208057245558,1.0654765451504459e-13,1.589995252638034e-13,1.8686081397353831e-13,6.184168947799013e-10
0.9020791944119618,3.0343722892422603e-10,4.838281140565143e-10,0.09792080418552714,1.0654288847898622e-13,1.589779107079042e-13,1.8679654934116851e-13,6.1479326755642e-10
0.9020791960529324,3.0319714854081284e-10,4.826558789241261e-10,0.0979208025495294,1.0653741577840066e-13,1.5895418262889454e-13,1.8672916445125767e-13,6.112328962535988e-10
0.9020791977915108,3.029364099949318e-10,4.814478514823287e-10,0.09792080081591949,1.0653118764698544e-13,1.589283111763053e-13,1.8665875550302968e-13,6.077332548850388e-10
0.9020791996283158,3.026550242562875e-10,4.802067517638427e-10,0.09792079898407831,1.06524156730553e-13,1.5890027214289122e-13,1.8658541286117772e-13,6.042919509553934e-10
0.9020792015639377,3.023530657598835e-10,4.789351126228765e-10,0.0979207970534154,1.0651627723046186e-13,1.5887004638171297e-13,1.8650922160594255e-13,6.009068254846188e-10
0.9020792035989349,3.020306652229335e-10,4.776352851910756e-10,0.09792079502337186,1.0650750501866678e-13,1.5883761926062878e-13,1.8643026154284593e-13,5.975755097235709e-10
0.9020792057338328,3.0168800329286535e-10,4.763094601629955e-10,0.09792079289342198,1.0649779772845634e-13,1.5880298018820816e-13,1.8634860794949953e-13,5.942960755353444e-10
0.9020792079691229,3.0132530474786243e-10,4.749596793904068e-10,0.09792079066307403,1.0648711482377817e-13,1.587661221856973e-13,1.8626433190012625e-13,5.910666958099888e-10
0.9020792103052624,3.0094283293232424e-10,4.73587835785723e-10,0.09792078833187036,1.0647541764881134e-13,1.5872704147609923e-13,1.861775000647452e-13,5.878852054046306e-10
0.902079212742675,3.005408851007508e-10,4.721957002968649e-10,0.09792078589938703,1.0646266946164707e-13,1.5868573715090978e-13,1.8608817575853674e-13,5.84750188490985e-10
0.9020792152817512,3.0011978789972265e-10,4.707849198279424e-10,0.09792078336523324,1.0644883545313588e-13,1.5864221084496067e-13,1.859964186828013e-13,5.816598744482891e-10
0.9020792179228492,2.996798932592064e-10,4.693570261325183e-10,0.09792078072905036,1.0643388275282515e-13,1.5859646644366294e-13,1.85902285171123e-13,5.786125767533986e-10
0.9020792206662962,2.9922157479652785e-10,4.679134494661247e-10,0.09792077799051095,1.0641778042417505e-13,1.5854850983193516e-13,1.8580582866669118e-13,5.756069046130566e-10
0.9020792235123893,2.9874522461842593e-10,4.664555285293059e-10,0.09792077514931764,1.0640049945075551e-13,1.5849834867452058e-13,1.8570710004559146e-13,5.726416448931966e-10
0.9020792264613967,2.9825125007650295e-10,4.649845034337504e-10,0.09792077220520197,1.0638201271353525e-13,1.584459921875927e-13,1.8560614716991137e-13,5.697151060142469e-10
0.9020792295135588,2.9774007117405777e-10,4.63501536253582e-10,0.09792076915792318,1.0636229496174649e-13,1.5839145096457966e-13,1.855030157064454e-13,5.668262100079222e-10
0.9020792326690896,2.9721211787649474e-10,4.620077029980497e-10,0.09792076600726707,1.0634132277715735e-13,1.5833473678891298e-13,1.8539774865245873e-13,5.639733928484068e-10
0.9020792359281777,2.9666782809553495e-10,4.6050401595138505e-10,0.09792076275304475,1.0631907453421631e-13,1.5827586250318984e-13,1.852903872538986e-13,5.611558052425252e-10
0.9020792392909874,2.9610764559525807e-10,4.589914173054157e-10,0.09792075939509157,1.062955303558722e-13,1.5821484186716306e-13,1.8518097062692494e-13,5.583722107726173e-10
0.9020792427576602,2.9553201817647637e-10,4.5747078679330074e-10,0.09792075593326596,1.0627067206609637e-13,1.5815168943675432e-13,1.8506953601892592e-13,5.556215351236105e-10
0.9020792463283152,2.949413959773416e-10,4.5594294335080784e-10,0.09792075236744836,1.0624448313954276e-13,1.580864204496307e-13,1.8495611880418642e-13,5.529026440383221e-10
0.9020792500030509,2.9433623029232893e-10,4.5440866290286335e-10,0.09792074869754017,1.0621694865013702e-13,1.5801905075376142e-13,1.8484075322589155e-13,5.5021499282611e-10
0.9020792537819456,2.937169718991104e-10,4.528686569458994e-10,0.09792074492346274,1.0618805521687397e-13,1.579495966880771e-13,1.8472347135269172e-13,5.475570951510563e-10
0.9020792576650589,2.930840701144092e-10,4.513235987230892e-10,0.09792074104515644,1.0615779094933389e-13,1.5787807502530664e-13,1.8460430420513852e-13,5.44928385202909e-10
0.902079261652432,2.9243797147600395e-10,4.497741068775011e-10,0.09792073706257973,1.0612614539157473e-13,1.578045028778892e-13,1.8448328095359155e-13,5.423275700738496e-10
0.9020792657440891,2.917791193261612e-10,4.482207790372721e-10,0.09792073297570825,1.0609310946745934e-13,1.5772889768197257e-13,1.8436043039903073e-13,5.397545950422712e-10
0.902079269940038,2.9110795242139873e-10,4.466641525541001e-10,0.09792072878453402,1.0605867542397037e-13,1.5765127709084593e-13,1.8423577913691603e-13,5.372077977217995e-10
0.9020792742402708,2.904249047988003e-10,4.451047520445358e-10,0.09792072448906461,1.060228367768035e-13,1.5757165897869042e-13,1.841093536757726e-13,5.34687302420319e-10
0.902079278644765,2.8973040471030117e-10,4.43543052237435e-10,0.0979207200893224,1.0598558825490819e-13,1.5749006135789531e-13,1.839811787095398e-13,5.321917277858499e-10
0.9020792831534841,2.890248741663207e-10,4.4197950039338425e-10,0.09792071558534382,1.0594692574603025e-13,1.574065023486891e-13,1.8385127809198086e-13,5.297204964132334e-10
0.9020792877663779,2.8830872861269775e-10,4.4041452084714064e-10,0.09792071097717868,1.0590684624361139e-13,1.5732100015851747e-13,1.8371967501399935e-13,5.272731645984342e-10
0.9020792924833839,2.875823765222111e-10,4.3884851109867124e-10,0.09792070626488945,1.0586534779464697e-13,1.5723357305163465e-13,1.835863917975037e-13,5.248490937036486e-10
0.9020792973044274,2.868462188431138e-10,4.3728183548414294e-10,0.09792070144855071,1.0582242944792455e-13,1.5714423930380558e-13,1.8345144957388167e-13,5.224473461392336e-10
0.9020793022294221,2.861006490738469e-10,4.357148490964851e-10,0.09792069652824845,1.0577809120471203e-13,1.5705301721150838e-13,1.8331486934845685e-13,5.200678827348437e-10
0.9020793072582712,2.8534605259619386e-10,4.3414786851907065e-10,0.09792069150407952,1.0573233396922895e-13,1.569599250327234e-13,1.831766706440652e-13,5.177094833833495e-10
0.9020793123908672,2.8458280678598055e-10,4.3258120155766856e-10,0.09792068637615112,1.0568515950151342e-13,1.5686498099603222e-13,1.8303687282748326e-13,5.153720487964863e-10
0.9020793176270931,2.8381128072169067e-10,4.3101513148565556e-10,0.0979206811445802,1.0563657037118317e-13,1.5676820327213401e-13,1.8289549437640613e-13,5.130548403310053e-10
0.9020793229668226,2.830318353564255e-10,4.294499349333791e-10,0.097920675809493,1.0558656991359629e-13,1.566696099857146e-13,1.8275255367718977e-13,5.107577943273998e-10
0.9020793284099203,2.822448230082071e-10,4.2788585515347504e-10,0.09792067037102453,1.0553516218596393e-13,1.565692191647877e-13,1.826080677896287e-13,5.084797731403301e-10
0.902079333956243,2.8145058754397347e-10,4.263231286846734e-10,0.09792066482931813,1.0548235192574613e-13,1.5646704875123263e-13,1.8246205363865337e-13,5.062206478519396e-10
0.9020793396056392,2.8064946456500185e-10,4.247619857067936e-10,0.09792065918452501,1.0542814451121812e-13,1.563631166105328e-13,1.8231452802610784e-13,5.039802986662329e-10
0.9020793453579503,2.798417809781861e-10,4.2320262600331767e-10,0.09792065343680384,1.0537254592200658e-13,1.5625744048536444e-13,1.8216550652082885e-13,5.017576403182149e-10
0.9020793512130104,2.790278553891233e-10,4.216452508337154e-10,0.09792064758632031,1.0531556270236868e-13,1.5615003802219915e-13,1.820150048934902e-13,4.995528103891949e-10
0.902079357170647,2.782079978583255e-10,4.200900383320976e-10,0.09792064163324679,1.0525720192491871e-13,1.5604092673995333e-13,1.818630379901435e-13,4.9736497384714e-10
0.9020793632306815,2.7738251025349316e-10,4.185371667332999e-10,0.09792063557776191,1.0519747115679268e-13,1.5593012405153736e-13,1.8170962077760752e-13,4.951941869807351e-10
0.9020793693929291,2.7655168596928047e-10,4.1698678987836743e-10,0.09792062942005023,1.0513637842598653e-13,1.558176472279843e-13,1.8155476722067895e-13,4.930395349350803e-10
0.9020793756571998,2.757158105887479e-10,4.154390740784471e-10,0.09792062316030185,1.050739321910484e-13,1.5570351344670755e-13,1.8139849195312453e-13,4.909015368033732e-10
0.9020793820232978,2.748751613304593e-10,4.138941510635454e-10,0.09792061679871218,1.0501014130985012e-13,1.5558773973022613e-13,1.8124080813207165e-13,4.887788627013414e-10
0.9020793884910231,2.7403000753564173e-10,4.123521583026982e-10,0.09792061033548152,1.049450150109977e-13,1.5547034297786675e-13,1.8108172925596508e-13,4.866717347786045e-10
0.9020793950601704,2.7318061078058533e-10,4.108132249426324e-10,0.09792060377081482,1.0487856286649312e-13,1.5535133996355581e-13,1.809212685283277e-13,4.845798318718214e-10
0.9020794017305306,2.723272247921996e-10,4.0927746418929366e-10,0.09792059710492138,1.0481079476491932e-13,1.552307473156266e-13,1.8075943850163084e-13,4.825025193813058e-10
0.9020794085018901,2.7147009580381054e-10,4.0774499061730843e-10,0.09792059033801453,1.0474172088661657e-13,1.5510858153593693e-13,1.8059625185828514e-13,4.804398309285519e-10
0.9020794153740317,2.706094627548179e-10,4.0621591455935233e-10,0.09792058347031148,1.0467135168023516e-13,1.5498485900485525e-13,1.804317211578543e-13,4.78391585708633e-10
0.9020794223467347,2.697455570093526e-10,4.0469032336828716e-10,0.0979205765020329,1.0459969783896963e-13,1.548595959428671e-13,1.8026585797450545e-13,4.763568525230225e-10
0.9020794294197749,2.68878602946358e-10,4.0316831549474107e-10,0.09792056943340283,1.0452677027944367e-13,1.5473280845031504e-13,1.8009867444011187e-13,4.743360246486159e-10
0.9020794365929253,2.6800881795631164e-10,4.0164997792976723e-10,0.09792056226464835,1.044525801211227e-13,1.5460451249388296e-13,1.7993018222376026e-13,4.723286220679371e-10
0.9020794438659558,2.6713641252535067e-10,4.001353896632796e-10,0.09792055499599941,1.0437713866652725e-13,1.5447472390086644e-13,1.7976039268076675e-13,4.703342872403563e-10
0.9020794512386339,2.6626159060191743e-10,3.9862463301655064e-10,0.09792054762768859,1.0430045738317435e-13,1.54343458378838e-13,1.7958931736729587e-13,4.683531065765244e-10
0.9020794587107245,2.653845495303216e-10,3.9711777707411137e-10,0.0979205401599509,1.0422254788570687e-13,1.5421073149649147e-13,1.794169672861128e-13,4.6638451695895e-10
0.9020794662819902,2.645054802144108e-10,3.956148866950145e-10,0.0979205325930236,1.0414342191898457e-13,1.540765586851564e-13,1.7924335328830586e-13,4.644282958729763e-10
0.9020794739521919,2.6362456748543065e-10,3.941160308701821e-10,0.09792052492714595,1.0406309134279337e-13,1.539409552587618e-13,1.7906848645514686e-13,4.6248455278075146e-10
0.9020794817210882,2.627419898988144e-10,3.926212606879388e-10,0.09792051716255916,1.0398156811617062e-13,1.5380393638265023e-13,1.7889237709361288e-13,4.605525302175183e-10
0.9020794895884363,2.6185792045871244e-10,3.911306457700872e-10,0.09792050929950608,1.0389886428451406e-13,1.5366551712578601e-13,1.7871503639173826e-13,4.5863289818867706e-10
0.9020794975539919,2.609725260472243e-10,3.896442241153262e-10,0.09792050133823109,1.0381499196496862e-13,1.5352571239689964e-13,1.785364741392722e-13,4.567243633084753e-10
0.9020795056175089,2.600859681633862e-10,3.881620530781757e-10,0.09792049327897999,1.0372996333460808e-13,1.5338453699823263e-13,1.7835670103454887e-13,4.5482761397090113e-10
0.9020795137787406,2.591984027748342e-10,3.866841754035528e-10,0.09792048512199977,1.0364379061829269e-13,1.5324200559993657e-13,1.781757271495999e-13,4.5294202388662313e-10
0.9020795220374388,2.5830998047418524e-10,3.852106310619062e-10,0.09792047686753852,1.035564860772527e-13,1.5309813274192747e-13,1.7799356245894484e-13,4.5106741653590936e-10
0.9020795303933543,2.5742084683763427e-10,3.837414655165521e-10,0.09792046851584525,1.0346806199905965e-13,1.5295293285410962e-13,1.7781021721799678e-13,4.492039456022563e-10
0.9020795388462375,2.5653114227907083e-10,3.8227671031308866e-10,0.09792046006716981,1.0337853068722261e-13,1.528064202315617e-13,1.7762570108043105e-13,4.4735100439138345e-10
0.9020795473958376,2.5564100241267514e-10,3.808164029934644e-10,0.09792045152176274,1.0328790445215357e-13,1.5265860905550675e-13,1.7744002399808103e-13,4.4550875994457875e-10
0.9020795560419037,2.547505582516783e-10,3.793605811913858e-10,0.09792044287987511,1.0319619560289731e-13,1.5250951339987357e-13,1.7725319595860836e-13,4.436771596194988e-10
0.9020795647841843,2.5385993591925436e-10,3.7790926362082985e-10,0.0979204341417585,1.0310341643794429e-13,1.5235914719428516e-13,1.770652261149248e-13,4.4185539536036115e-10
0.9020795736224273,2.5296925722472557e-10,3.7646248389886194e-10,0.09792042530766476,1.0300957923810294e-13,1.5220752426482733e-13,1.7687612431699106e-13,4.400439787918044e-10
0.9020795825563808,2.520786396409882e-10,3.7502026775102705e-10,0.09792041637784606,1.029146962593246e-13,1.5205465832144608e-13,1.7668590008456277e-13,4.382425436621813e-10
0.9020795915857923,2.5118819643288197e-10,3.7358263895650374e-10,0.09792040735255464,1.028187797259997e-13,1.5190056295908217e-13,1.7649456287227174e-13,4.364509500617807e-10
0.9020796007104096,2.5029803678278307e-10,3.72149619446305e-10,0.09792039823204282,1.0272184182470224e-13,1.5174525165879543e-13,1.7630212207318933e-13,4.3466906222136945e-10
0.9020796099299805,2.494082659817219e-10,3.707212321036621e-10,0.09792038901656287,1.02623894698593e-13,1.5158873779501446e-13,1.7610858714634693e-13,4.328968566066616e-10
0.9020796192442527,2.485189854732513e-10,3.692974952386282e-10,0.09792037970636693,1.025249504419608e-13,1.5143103462983656e-13,1.759139673655164e-13,4.3113409439628604e-10
0.9020796286529745,2.476302929029416e-10,3.6787842288220964e-10,0.0979203703017069,1.0242502109492105e-13,1.512721553080433e-13,1.7571827182848722e-13,4.293805432450271e-10
0.9020796381558942,2.4674228224109645e-10,3.664640277683249e-10,0.09792036080283442,1.0232411863851837e-13,1.511121128588968e-13,1.7552150958984987e-13,4.2763608526157815e-10
0.9020796477527605,2.458550440385735e-10,3.650543268077177e-10,0.09792035121000076,1.0222225499067431e-13,1.5095092021012262e-13,1.7532368991135199e-13,4.259008223569282e-10
0.9020796574433226,2.449686654585979e-10,3.6364933262561214e-10,0.0979203415234567,1.0211944200219296e-13,1.5078859018208416e-13,1.7512482187947265e-13,4.241745296192956e-10
0.9020796672273304,2.4408323038263293e-10,3.622490565481679e-10,0.09792033174345259,1.0201569145307836e-13,1.5062513548881198e-13,1.7492491453813038e-13,4.2245709636470945e-10
0.9020796771045339,2.4319881958182004e-10,3.608535113726562e-10,0.09792032187023816,1.0191101504937938e-13,1.5046056874515245e-13,1.7472397701480546e-13,4.207485232462323e-10
0.9020796870746841,2.423155107412607e-10,3.5946270581375275e-10,0.09792031190406253,1.0180542442004744e-13,1.5029490246097338e-13,1.7452201826821637e-13,4.1904859476736084e-10
0.9020796971375327,2.414333784900566e-10,3.5807664477112333e-10,0.0979203018451741,1.0169893111383149e-13,1.5012814903608402e-13,1.7431904709640724e-13,4.1735710107910224e-10
0.9020797072928319,2.405524945047387e-10,3.5669533228648215e-10,0.09792029169382056,1.0159154659646188e-13,1.4996032076193214e-13,1.7411507226833405e-13,4.1567394599005456e-10
0.902079717540335,2.396729278143278e-10,3.5531877970189244e-10,0.09792028145024881,1.0148328224880084e-13,1.4979142984161243e-13,1.739101028970964e-13,4.1399936059069325e-10
0.9020797278797958,2.387947446688589e-10,3.539469888549157e-10,0.09792027111470486,1.0137414936444724e-13,1.4962148837102303e-13,1.7370414767857618e-13,4.123329210352914e-10
0.9020797383109693,2.379180086350988e-10,3.52579960868869e-10,0.09792026068743388,1.0126415914759159e-13,1.494505083405266e-13,1.7349721528356977e-13,4.1067453890030375e-10
0.9020797488336113,2.3704278089402566e-10,3.512177043037898e-10,0.09792025016868008,1.0115332271179996e-13,1.4927850165491897e-13,1.7328931473058773e-13,4.090244527746159e-10
0.9020797594474785,2.3616911996525467e-10,3.4986021292917427e-10,0.0979202395586867,1.0104165107775386e-13,1.4910548010229768e-13,1.7308045437628467e-13,4.073820295617505e-10
0.9020797701523289,2.352970822892911e-10,3.485074992721324e-10,0.09792022885769595,1.0092915517289758e-13,1.4893145539991673e-13,1.7287064343534665e-13,4.057479508280236e-10
0.9020797809479211,2.3442672186267297e-10,3.4715955802845293e-10,0.09792021806594901,1.0081584582971526e-13,1.487564391555199e-13,1.7265989032612825e-13,4.041214742405519e-10
0.9020797918340151,2.3355809046692096e-10,3.4581638900296457e-10,0.09792020718368598,1.0070173378470633e-13,1.4858044288193457e-13,1.7244820370091515e-13,4.025027419015564e-10
0.9020798028103721,2.3269123780989893e-10,3.444779940098075e-10,0.0979201962111458,1.0058682967774043e-13,1.4840347800406065e-13,1.722355923097766e-13,4.008917841401401e-10
0.9020798138767543,2.3182621138390727e-10,3.4314436587601086e-10,0.09792018514856629,1.0047114405082143e-13,1.482255558406794e-13,1.7202206449925597e-13,3.9928819762055595e-10
0.9020798250329249,2.3096305675560977e-10,3.4181550532459704e-10,0.09792017399618409,1.0035468734775033e-13,1.480466876250645e-13,1.7180762897502738e-13,3.976922384230018e-10
0.9020798362786487,2.301018175558318e-10,3.404914095509404e-10,0.09792016275423464,1.0023746991364001e-13,1.4786688449895726e-13,1.7159229428775912e-13,3.9610372328668903e-10
0.9020798476136915,2.2924253547584001e-10,3.3917207246307787e-10,0.09792015142295211,1.0011950199431338e-13,1.4768615750726614e-13,1.713760688399132e-13,3.945224734942609e-10
0.9020798590378204,2.2838525054272448e-10,3.378574957363114e-10,0.09792014000256948,1.0000079373653854e-13,1.4750451761792e-13,1.7115896138782185e-13,3.9294874765779574e-10
0.9020798705508036,2.2753000089055603e-10,3.3654766927778747e-10,0.09792012849331838,9.98813551873653e-14,1.4732197569678903e-13,1.7094098015614153e-13,3.913820402696816e-10
0.902079882152411,2.266768231087927e-10,3.352425937313074e-10,0.09792011689542922,9.976119629455572e-14,1.4713854253437386e-13,1.707221338541732e-13,3.898227242082202e-10
0.9020798938424134,2.258257520780479e-10,3.3394226072692785e-10,0.09792010520913104,9.964032690633487e-14,1.4695422882683658e-13,1.7050243078395768e-13,3.882704053466545e-10
0.9020799056205832,2.2497682110212287e-10,3.3264666435533277e-10,0.09792009343465156,9.951875677149417e-14,1.4676904518363773e-13,1.7028187935476375e-13,3.8672513221742817e-10
0.902079917486694,2.241300620297924e-10,3.3135580097591207e-10,0.09792008157221717,9.939649553980278e-14,1.4658300213443212e-13,1.7006048807678875e-13,3.851869520169545e-10
0.902079929440521,2.2328550509382104e-10,3.300696582083338e-10,0.09792006962205288,9.927355276176124e-14,1.4639611011080665e-13,1.6983826505972163e-13,3.836554777128483e-10
0.9020799414818403,2.2244317918230698e-10,3.287882318042855e-10,0.09792005758438233,9.914993788918916e-14,1.4620837946679137e-13,1.696152187743009e-13,3.8213098114513e-10
0.9020799536104299,2.2160311174205942e-10,3.275115115053178e-10,0.09792004545942774,9.902566027537267e-14,1.460198204666366e-13,1.6939135741425843e-13,3.8061318604395153e-10
0.902079965826069,2.2076532903835106e-10,3.262394950090372e-10,0.09792003324741,9.890072917599784e-14,1.4583044330458063e-13,1.6916668952792845e-13,3.7910236404540504e-10
0.902079978128538,2.1992985591087259e-10,3.249721684252401e-10,0.09792002094854853,9.877515374913807e-14,1.4564025807971866e-13,1.6894122313298556e-13,3.7759802223608616e-10
0.9020799905176191,2.190967159707022e-10,3.237095233572022e-10,0.09792000856306135,9.864894305582691e-14,1.4544927481036525e-13,1.687149664840431e-13,3.761003291841343e-10
0.9020800029930957,2.182659317105628e-10,3.2245155378480924e-10,0.09791999609116506,9.852210606090326e-14,1.452575034408319e-13,1.6848792793595277e-13,3.746093408081924e-10
0.9020800155547526,2.174375246059823e-10,3.2119825588289264e-10,0.09791998353307481,9.839465163409072e-14,1.4506495384754072e-13,1.682601159377657e-13,3.7312511149688895e-10
0.9020800282023762,2.1661151479811043e-10,3.1994961160663454e-10,0.09791997088900432,9.826658854988972e-14,1.448716358078296e-13,1.6803153828421786e-13,3.7164704472946916e-10
0.9020800409357543,2.1578792156706356e-10,3.187056195051899e-10,0.09791995815916589,9.813792548900447e-14,1.446775590394824e-13,1.6780220350792284e-13,3.70175749180645e-10
0.9020800537546761,2.1496676293528318e-10,3.1746626101248027e-10,0.09791994534377033,9.800867103830588e-14,1.444827331626694e-13,1.6757211935670234e-13,3.6871051933567186e-10
0.9020800666589323,2.1414805600169073e-10,3.162315287648056e-10,0.097919932443027,9.787883369186045e-14,1.4428716772721835e-13,1.6734129406814784e-13,3.6725174934309104e-10
0.9020800796483148,2.1333181683144867e-10,3.15001409531816e-10,0.09791991945714384,9.774842185148379e-14,1.4409087220033022e-13,1.671097356016815e-13,3.657991738548607e-10
0.9020800927226174,2.1251806070250105e-10,3.13775898176638e-10,0.09791990638632732,9.761744382804589e-14,1.4389385598626142e-13,1.668774522694869e-13,3.643530750773035e-10
0.902080105881635,2.117068018487109e-10,3.1255497810623143e-10,0.09791989323078243,9.748590784179925e-14,1.4369612840114274e-13,1.6664445185175515e-13,3.62912970327995e-10
0.9020801191251642,2.1089805378105265e-10,3.113386437626854e-10,0.09791987999071272,9.735382202372424e-14,1.434976986994921e-13,1.6641074261102735e-13,3.6147925456862166e-10
0.9020801324530029,2.1009182896030147e-10,3.101268754444609e-10,0.09791986666632028,9.722119441566208e-14,1.4329857604291016e-13,1.661763321536923e-13,3.6005133855031116e-10
0.9020801458649504,2.0928813919227325e-10,3.089196674096765e-10,0.09791985325780575,9.708803297172657e-14,1.4309876953335166e-13,1.6594122869755035e-13,3.5862972974827665e-10
0.9020801593608079,2.0848699563947976e-10,3.0771701331598816e-10,0.09791983976536829,9.695434555965116e-14,1.4289828821231656e-13,1.6570544042198946e-13,3.5721438158695445e-10
0.9020801729403773,2.0768840849166938e-10,3.065188927213522e-10,0.09791982618920562,9.682013996092274e-14,1.4269714102960896e-13,1.6546897485007633e-13,3.5580470728529455e-10
0.9020801866034628,2.0689238735894744e-10,3.0532529918498765e-10,0.09791981252951401,9.668542387219275e-14,1.4249533687665075e-13,1.6523184011578e-13,3.5440121670542037e-10
0.9020802003498694,2.0609894107636254e-10,3.0413621758180806e-10,0.09791979878648827,9.655020490592927e-14,1.422928845673802e-13,1.6499404394317633e-13,3.5300354084592046e-10
0.9020802141794036,2.0530807766902697e-10,3.029516301473207e-10,0.09791978496032176,9.641449059088346e-14,1.4208979283348642e-13,1.6475559391220084e-13,3.5161153606785936e-10
0.9020802280918738,2.0451980473340601e-10,3.0177153291354454e-10,0.09791977105120643,9.627828837378531e-14,1.4188607035689645e-13,1.645164982058766e-13,3.5022571137304005e-10
0.9020802420870895,2.0373412916262557e-10,3.0059591033134535e-10,0.09791975705933276,9.614160562000681e-14,1.416817257438251e-13,1.6427676446657168e-13,3.4884558873451984e-10
0.9020802561648616,2.0295105724588362e-10,2.9942474965036844e-10,0.09791974298488978,9.600444961449793e-14,1.4147676753221886e-13,1.6403640043903408e-13,3.474712429387669e-10
0.9020802703250027,2.0217059462193676e-10,2.982580352973822e-10,0.09791972882806514,9.586682756249306e-14,1.4127120418624259e-13,1.637954137164327e-13,3.461025301086222e-10
0.9020802845673265,2.0139274658126463e-10,2.9709576261869476e-10,0.09791971458904503,9.572874659117649e-14,1.4106504412196815e-13,1.635538123641817e-13,3.4473985081989925e-10
0.9020802988916482,2.006175175158206e-10,2.959379045896867e-10,0.09791970026801422,9.559021374939181e-14,1.4085829565704106e-13,1.633116034120068e-13,3.433822965792537e-10
0.9020803132977846,1.9984491152562275e-10,2.947844567671091e-10,0.09791968586515609,9.545123600937926e-14,1.4065096706356368e-13,1.6306879488026334e-13,3.420307128924816e-10
0.9020803277855537,1.9907493220737348e-10,2.93635405857319e-10,0.0979196713806526,9.53118202677016e-14,1.4044306654816374e-13,1.628253943703781e-13,3.406847333151568e-10
0.902080342354775,1.9830758267294937e-10,2.9249073848301727e-10,0.09791965681468433,9.51719733461679e-14,1.4023460225257228e-13,1.6258140945451696e-13,3.3934432498722546e-10
0.9020803570052693,1.9754286570391547e-10,2.913504466038042e-10,0.09791964216743042,9.503170199321549e-14,1.4002558226640839e-13,1.6233684792248971e-13,3.3800967204075144e-10
0.9020803717368591,1.9678078341159146e-10,2.902145081721508e-10,0.09791962743906868,9.489101288406455e-14,1.3981601459588847e-13,1.6209171690455735e-13,3.3668019609509843e-10
0.9020803865493677,1.9602133748338042e-10,2.890829098152153e-10,0.09791961262977551,9.474991262167252e-14,1.396059071848111e-13,1.618460238902117e-13,3.35356198669212e-10
0.9020804014426204,1.9526452940305722e-10,2.8795564620243404e-10,0.09791959773972594,9.460840773837105e-14,1.3939526793334975e-13,1.615997767088127e-13,3.3403797341865576e-10
0.9020804164164434,1.945103599639746e-10,2.868326923816211e-10,0.09791958276909367,9.446650469577328e-14,1.3918410465380962e-13,1.613529822760515e-13,3.3272472407590776e-10
0.9020804314706645,1.9375882979483837e-10,2.8571404311683784e-10,0.09791956771805099,9.43242098864371e-14,1.3897242511667015e-13,1.6110564836609912e-13,3.3141718912286416e-10
0.9020804466051128,1.9300993907611976e-10,2.8459968166667474e-10,0.09791955258676889,9.418152963448572e-14,1.3876023702458e-13,1.608577822092466e-13,3.30114897747342e-10
0.9020804618196185,1.9226368763086124e-10,2.8348959416125114e-10,0.097919537375417,9.403847019649074e-14,1.3854754801971242e-13,1.60609391134325e-13,3.28817931737338e-10
0.9020804771140136,1.9152007493816608e-10,2.8238376668550037e-10,0.09791952208416364,9.389503776234714e-14,1.3833436568428074e-13,1.6036048243857547e-13,3.2752626225620666e-10
0.902080492488131,1.9077910021455456e-10,2.8128218799056423e-10,0.09791950671317579,9.375123845637071e-14,1.3812069754715121e-13,1.601110635109317e-13,3.2623996909868764e-10
0.9020805079418052,1.9004076235044599e-10,2.8018484388448334e-10,0.0979194912626191,9.36070783381215e-14,1.379065510775842e-13,1.5986114157887464e-13,3.2495891330244057e-10
0.9020805234748717,1.8930505971801075e-10,2.790917120316531e-10,0.09791947573265798,9.346256340253032e-14,1.3769193366748936e-13,1.59610723467573e-13,3.236827425494895e-10
0.9020805390871676,1.8857199054849431e-10,2.780027842089491e-10,0.0979194601234555,9.331769958127716e-14,1.374768526644663e-13,1.5935981660527194e-13,3.2241197875705546e-10
0.902080554778531,1.8784155285821365e-10,2.769180490319393e-10,0.09791944443517343,9.317249274385168e-14,1.3726131536473244e-13,1.5910842825135183e-13,3.21146481117447e-10
0.9020805705488015,1.871137443834157e-10,2.758374921860492e-10,0.0979194286679723,9.302694869833898e-14,1.370453290068459e-13,1.5885656550296087e-13,3.1988611207041556e-10
0.9020805863978201,1.8638856245488694e-10,2.7476109393327187e-10,0.09791941282201139,9.288107319173837e-14,1.3682890076004628e-13,1.586042351777055e-13,3.1863062890633057e-10
0.9020806023254285,1.8566600416100332e-10,2.736888403394905e-10,0.09791939689744865,9.273487191080661e-14,1.3661203773830534e-13,1.5835144431906495e-13,3.173802274907726e-10
0.9020806183314702,1.8494606649347027e-10,2.72620722852957e-10,0.09791938089444086,9.258835048334779e-14,1.3639474701291954e-13,1.5809820018350798e-13,3.161350984526618e-10
0.9020806344157897,1.8422874606727285e-10,2.7155672166692595e-10,0.09791936481314352,9.244151447849749e-14,1.3617703558718821e-13,1.5784450948793688e-13,3.14894777974869e-10
0.9020806505782327,1.8351403928277715e-10,2.704968227875611e-10,0.09791934865371092,9.229436940753137e-14,1.3595891041045326e-13,1.5759037917460044e-13,3.13659462834525e-10
0.9020806668186463,1.8280194253887738e-10,2.694410203197762e-10,0.09791933241629613,9.214692072535093e-14,1.3574037839677897e-13,1.5733581652164384e-13,3.1242945279244424e-10
0.9020806831368785,1.820924518076252e-10,2.6838929150892734e-10,0.09791931610105101,9.199917383046822e-14,1.3552144638677082e-13,1.5708082801459547e-13,3.1120406576194675e-10
0.9020806995327788,1.8138556294057515e-10,2.6734162504828086e-10,0.09791929970812621,9.185113406601455e-14,1.353021211745212e-13,1.568254206169726e-13,3.099837186194513e-10
0.9020807160061978,1.8068127166828346e-10,2.6629800941577916e-10,0.09791928323767123,9.170280672069992e-14,1.3508240950731873e-13,1.5656960125160255e-13,3.087683845584974e-10
0.9020807325569872,1.7997957353194048e-10,2.652584301837272e-10,0.09791926668983433,9.155419702949707e-14,1.3486231807932572e-13,1.5631337667756512e-13,3.0755792891855276e-10
0.9020807491849998,1.7928046361820805e-10,2.6422286210904795e-10,0.09791925006476267,9.14053101733975e-14,1.3464185350768554e-13,1.5605675312628726e-13,3.0635189532316736e-10
0.9020807658900899,1.7858393714476913e-10,2.631913024163395e-10,0.09791923336260219,9.125615128114295e-14,1.3442102238440851e-13,1.5579973780539414e-13,3.051511371422037e-10
0.9020807826721126,1.778899890924073e-10,2.6216373396226195e-10,0.09791921658349774,9.110672542964344e-14,1.3419983124347507e-13,1.555423372459827e-13,3.039550791433691e-10
0.9020807995309241,1.7719861422024398e-10,2.611401398230475e-10,0.09791919972759298,9.09570376444244e-14,1.3397828656198024e-13,1.5528455795058567e-13,3.0276370129390764e-10
0.9020808164663822,1.7650980735331163e-10,2.601205141117119e-10,0.09791918279503048,9.080709290101951e-14,1.3375639478558145e-13,1.5502640688596277e-13,3.0157741663190143e-10
0.9020808334783453,1.7582356309150467e-10,2.5910483951408295e-10,0.09791916578595167,9.06568961253243e-14,1.3353416230248651e-13,1.5476789047231253e-13,3.0039576175841134e-10
0.9020808505666732,1.751398756881587e-10,2.5809309353897365e-10,0.09791914870049687,9.050645219352167e-14,1.3331159543245894e-13,1.5450901485475937e-13,2.9921850093714245e-10
0.9020808677312266,1.744587394214664e-10,2.57085267852027e-10,0.09791913153880531,9.035576593325671e-14,1.3308870045971557e-13,1.5424978677778563e-13,2.980461614994082e-10
0.9020808849718677,1.737801485830913e-10,2.5608135370796575e-10,0.09791911430101514,9.020484212472369e-14,1.3286548363186207e-13,1.5399021293780125e-13,2.968787161560676e-10
0.902080902288459,1.7310409712642544e-10,2.5508132844402663e-10,0.09791909698726342,9.005368550052249e-14,1.3264195112850083e-13,1.537302993675099e-13,2.9571559686199324e-10
0.902080919680865,1.7243057903816079e-10,2.540851835738858e-10,0.09791907959768614,8.99023007467684e-14,1.3241810909417933e-13,1.534700526990908e-13,2.9455733168331e-10
0.9020809371489505,1.7175958805371101e-10,2.5309289938757196e-10,0.09791906213241824,8.975069250319734e-14,1.3219396361301022e-13,1.5320947902377292e-13,2.934034610635627e-10
0.9020809546925819,1.7109111801992087e-10,2.521044701414563e-10,0.0979190445915936,8.959886536448563e-14,1.3196952074087946e-13,1.5294858502571605e-13,2.922545106695026e-10
0.9020809723116262,1.7042516239739422e-10,2.51119870550229e-10,0.09791902697534507,8.944682387984024e-14,1.317447864611315e-13,1.526873764724231e-13,2.9110969393630873e-10
0.9020809900059517,1.6976171477576072e-10,2.501390951217552e-10,0.09791900928380448,8.929457255433732e-14,1.3151976673032776e-13,1.5242585998288263e-13,2.899697587933822e-10
0.9020810077754275,1.6910076857993578e-10,2.491621269324477e-10,0.09791899151710261,8.914211584921807e-14,1.3129446745213183e-13,1.5216404162875597e-13,2.888342436292883e-10
0.9020810256199242,1.6844231715111928e-10,2.4818895200146216e-10,0.09791897367536925,8.898945818244404e-14,1.3106889448447798e-13,1.5190192757548196e-13,2.877032391941417e-10
0.9020810435393127,1.6778635375081086e-10,2.4721955637127513e-10,0.0979189557587332,8.883660392924286e-14,1.3084305363991864e-13,1.5163952395266681e-13,2.865767253826178e-10
0.9020810615334655,1.671328715646867e-10,2.4625392610871243e-10,0.09791893776732224,8.868355742264467e-14,1.306169506859685e-13,1.5137683685406744e-13,2.8545468225260233e-10
0.9020810796022556,1.6648186384299656e-10,2.452920527214414e-10,0.09791891970126321,8.853032295446949e-14,1.3039059135762201e-13,1.511138725840013e-13,2.8433730651156924e-10
0.9020810977455573,1.6583332368364567e-10,2.4433391922553097e-10,0.09791890156068193,8.837690477554577e-14,1.301639813381098e-13,1.5085063702951523e-13,2.832242485130096e-10
0.9020811159632458,1.6518724397648893e-10,2.433795061823532e-10,0.09791888334570331,8.822330709573228e-14,1.299371262539307e-13,1.505871359253227e-13,2.821153834344644e-10
0.9020811342551972,1.6454361769612645e-10,2.424288054190997e-10,0.09791886505645127,8.806953408492401e-14,1.2971003170089977e-13,1.503233754751573e-13,2.8101113032909227e-10
0.9020811526212885,1.6390243761546053e-10,2.414817975488583e-10,0.09791884669304879,8.791558987305496e-14,1.2948270321873305e-13,1.500593613418761e-13,2.799110316064725e-10
0.9020811710613977,1.6326369652995404e-10,2.4053847174476135e-10,0.09791882825561793,8.776147855085522e-14,1.2925514631100199e-13,1.4979509953414977e-13,2.7881539836742315e-10
0.9020811895754037,1.6262738718373978e-10,2.395988142882816e-10,0.09791880974427981,8.760720417033041e-14,1.2902736643863346e-13,1.4953059589525771e-13,2.777241006856534e-10
0.9020812081631864,1.6199350234079711e-10,2.38662814198308e-10,0.09791879115915467,8.745277074546229e-14,1.2879936902630663e-13,1.4926585635577472e-13,2.76637228040733e-10
0.9020812268246264,1.6136203450662134e-10,2.377304494958481e-10,0.0979187725003618,8.729818225194645e-14,1.2857115943776318e-13,1.4900088631197013e-13,2.755543261804854e-10
0.9020812455596054,1.6073297636484945e-10,2.368017150858224e-10,0.0979187537680196,8.714344262840942e-14,1.2834274301465974e-13,1.487356918812338e-13,2.744760341328958e-10
0.902081264368006,1.601063204817813e-10,2.358765944524587e-10,0.09791873496224562,8.698855577658569e-14,1.2811412505042778e-13,1.4847027863412768e-13,2.7340189236336275e-10
0.9020812832497114,1.5948205938569913e-10,2.34955074033028e-10,0.0979187160831565,8.683352556175579e-14,1.278853107973864e-13,1.482046522349536e-13,2.7233199365616375e-10
0.902081302204606,1.588601855692611e-10,2.340371402979783e-10,0.097918697130868,8.667835581317645e-14,1.276563054670409e-13,1.479388183123285e-13,2.7126631989880456e-10
0.902081321232575,1.5824069149181192e-10,2.33122779751535e-10,0.09791867810549504,8.652305032450327e-14,1.2742711423037886e-13,1.4767278245922997e-13,2.702048531019809e-10
0.9020813403335042,1.5762356964994042e-10,2.322119816400245e-10,0.09791865900715167,8.636761285443567e-14,1.2719774222424614e-13,1.4740655035614172e-13,2.691476836422453e-10
0.9020813595072805,1.5700881229854894e-10,2.3130472421633594e-10,0.09791863983595113,8.621204712640049e-14,1.269681945266508e-13,1.471401271497656e-13,2.6809435814728204e-10
0.9020813787537916,1.5639641181857083e-10,2.3040099991372957e-10,0.09791862059200579,8.605635682948556e-14,1.2673847618949766e-13,1.4687351858481176e-13,2.6704540826337835e-10
0.9020813980729259,1.5578636056535797e-10,2.2950079536157857e-10,0.0979186012754272,8.590054561882926e-14,1.2650859222526317e-13,1.466067301117753e-13,2.660005944357788e-10
0.9020814174645727,1.5517865100732792e-10,2.2860410264224104e-10,0.09791858188632611,8.574461711646315e-14,1.262785476194468e-13,1.4633976739195437e-13,2.649601157561383e-10
0.9020814369286222,1.5457327543902526e-10,2.2771090265027155e-10,0.09791856242481245,8.558857491115975e-14,1.2604834730521917e-13,1.460726355473815e-13,2.6392351667080237e-10
0.9020814564649653,1.5397022613653397e-10,2.268211821570801e-10,0.09791854289099533,8.543242255881046e-14,1.2581799617730745e-13,1.458053399236007e-13,2.6289100202796833e-10
0.9020814760734936,1.5336949522249637e-10,2.2593492255490853e-10,0.0979185232849831,8.527616358233714e-14,1.255874990801043e-13,1.4553788558488225e-13,2.6186233824863695e-10
0.9020814957540997,1.527710750249147e-10,2.250521192061754e-10,0.0979185036068833,8.511980147281515e-14,1.253568608396474e-13,1.452702781873165e-13,2.608380548595613e-10
0.9020815155066768,1.521749578490468e-10,2.2417275876676199e-10,0.0979184838568027,8.496333968978898e-14,1.251260862435477e-13,1.4500252296438816e-13,2.598178020648878e-10
0.902081535331119,1.515811358430471e-10,2.2329682253108124e-10,0.09791846403484732,8.480678166112644e-14,1.2489518002916951e-13,1.4473462486907893e-13,2.5880134673867504e-10
0.902081555227321,1.5098960122067763e-10,2.2242430036461335e-10,0.09791844414112238,8.465013078362932e-14,1.2466414690350922e-13,1.4446658920074416e-13,2.5778900235708873e-10
0.9020815751951784,1.504003461859189e-10,2.2155517925161368e-10,0.09791842417573239,8.449339042336968e-14,1.2443299153665408e-13,1.4419842109464655e-13,2.567806413260517e-10
0.9020815952345874,1.4981336286604103e-10,2.2068944350811692e-10,0.0979184041387811,8.433656391579072e-14,1.242017185559659e-13,1.4393012552839074e-13,2.5577613892564054e-10
0.9020816153454452,1.4922864345738025e-10,2.1982708310274913e-10,0.09791838403037151,8.417965456629625e-14,1.2397033255915147e-13,1.4366170769685947e-13,2.5477569790889273e-10
0.9020816355276494,1.4864618028650948e-10,2.1896809054030255e-10,0.0979183638506059,8.40226656510257e-14,1.2373883811987526e-13,1.4339317287712572e-13,2.5377940746582263e-10
0.9020816557810986,1.4806596531770327e-10,2.181124390179626e-10,0.09791834359958583,8.386560041594758e-14,1.2350723974417002e-13,1.4312452543935785e-13,2.5278648841060713e-10
0.9020816761056919,1.4748799094602368e-10,2.1726013257472398e-10,0.09791832327741215,8.370846207865464e-14,1.2327554194094185e-13,1.4285577110228317e-13,2.517981288095489e-10
0.9020816965013292,1.4691224926645813e-10,2.1641114698472883e-10,0.097918302884185,8.355125382763805e-14,1.230437491573243e-13,1.4258691428431707e-13,2.5081321395644785e-10
