c1,c2,c3,i1,i2,i3,i4,o
0.6226932664792223,0.37502356579085877,3.6566115069607267e-06,0.0014205216901423292,0.0008555241210492636,8.341614433701471e-09,7.868169462843979e-09,3.449097436651747e-06
0.6226934956740872,0.37502334597059434,3.656481975941055e-06,0.0014205164448181915,0.0008555201456451212,8.34128628683551e-09,7.868092654295266e-09,3.449073500342238e-06
0.6226938986128879,0.3750229604463263,3.656267524487144e-06,0.0014205066369414453,0.0008555128057001453,8.340736033604067e-09,7.867924111124665e-09,3.4490219594714633e-06
0.6226944285470283,0.3750224547463445,3.6559999786645837e-06,0.0014204929052035286,0.0008555026539863523,8.340040337400836e-09,7.86766125326613e-09,3.448939757103476e-06
0.6226950546251755,0.3750218589454577,3.655697438092002e-06,0.001420475653765771,0.000855490044933649,8.33924306804554e-09,7.867306418106342e-09,3.448826679726331e-06
0.6226957566295608,0.3750211927825812,3.6553697691742297e-06,0.0014204551291627607,0.0008554751998514971,8.338368319714908e-09,7.866863916436141e-09,3.4486838422525053e-06
0.6226965208555159,0.3750204696590578,3.655022322799082e-06,0.001420431485475236,0.0008554582609623012,8.337429305901689e-09,7.866338659361779e-09,3.448512897948623e-06
0.622697337614889,0.3750196990617613,3.6546580374755125e-06,0.0014204048235311334,0.0008554393239685033,8.33643340438684e-09,7.865735515320994e-09,3.448315643691028e-06
0.6226981997807143,0.3750188879767436,3.6542785774153964e-06,0.0014203752130658063,0.0008554184566232075,8.335384892034395e-09,7.865059029894597e-09,3.4480938317390467e-06
0.6226991019243769,0.37501804172829184,3.653884942431307e-06,0.001420342705296151,0.0008553957094026318,8.334286413824991e-09,7.864313328263831e-09,3.4478490900811752e-06
0.6227000397854825,0.3750171644951093,3.6534777943393735e-06,0.001420307340249326,0.0008553711218257692,8.33313977228765e-09,7.863502107410842e-09,3.4475828970797722e-06
0.6227010099329036,0.3750162596407948,3.6530576307479357e-06,0.0014202691511806395,0.0008553447263346608,8.331946351298685e-09,7.862628669268404e-09,3.44729658070523e-06
0.6227020095398362,0.3750153299334644,3.6526248766908973e-06,0.0014202281673246445,0.0008553165507612881,8.330707341593754e-09,7.861695969554208e-09,3.4469913333644046e-06
0.622703036229674,0.3750143776964379,3.6521799313067124e-06,0.001420184415655,0.0008552866199429186,8.329423857983467e-09,7.860706669269335e-09,3.4466682282473386e-06
0.622704087967614,0.37501340491436397,3.651723190054686e-06,0.0014201379220318718,0.0008552549568041027,8.328096997321718e-09,7.85966318271619e-09,3.4463282358382738e-06
0.6227051629828172,0.3750124133095429,3.651255053948253e-06,0.001420088711957437,0.0008552215830926773,8.326727864299328e-09,7.858567719572957e-09,3.445972240382945e-06
0.6227062597115698,0.3750114043977471,3.6507759319489876e-06,0.001420036811073035,0.0008551865198845511,8.325317580115076e-09,7.857422320361821e-09,3.4456010536256223e-06
0.6227073767552128,0.3750103795296118,3.6502862400957923e-06,0.001419982245481865,0.000855149787930214,8.323867282419998e-09,7.856228885643962e-09,3.445215427218378e-06
0.6227085128486463,0.37500933992168445,3.6497863989095116e-06,0.0014199250419517323,0.0008551114078908884,8.322378121162112e-09,7.854989199539603e-09,3.444816060458265e-06
0.6227096668365136,0.37500828667995834,3.6492768306578015e-06,0.0014198652280342924,0.0008550714004966959,8.320851252888247e-09,7.853704948577133e-09,3.4444036101926413e-06
0.6227108376550259,0.37500722081788174,3.648757956455957e-06,0.0014198028321257424,0.0008550297866492104,8.319287834814835e-09,7.852377736537967e-09,3.4439786955432597e-06
0.6227120243179642,0.37500614327027043,3.6482301937103597e-06,0.0014197378834863968,0.0008549865874841672,8.317689019328058e-09,7.851009096116013e-09,3.4435419029997304e-06
0.6227132259058005,0.37500505490416075,3.6476939540794823e-06,0.001419670412231502,0.000854941824405591,8.316055949202848e-09,7.849600498063166e-09,3.443093791239994e-06
0.6227144415571569,0.3750039565273635,3.64714964167271e-06,0.0014196004493021574,0.0008548955190994876,8.314389753604885e-09,7.848153358272498e-09,3.4426348930969803e-06
0.6227156704620314,0.37500284889528146,3.6465976517873104e-06,0.001419528026422753,0.0008548476935330322,8.312691544862434e-09,7.846669043335289e-09,3.442165719147377e-06
0.622716911856359,0.37500173271640863,3.646038369736536e-06,0.0014194531760495976,0.0008547983699436115,8.310962415915222e-09,7.845148874806972e-09,3.4416867579571834e-06
0.6227181650175924,0.37500060865682444,3.645472170319792e-06,0.0014193759313141207,0.0008547475708209116,8.30920343837662e-09,7.84359413264243e-09,3.441198480200731e-06
0.6227194292610594,0.37499947734391675,3.644899417143539e-06,0.0014192963259631324,0.0008546953188844069,8.307415661085114e-09,7.842006057804803e-09,3.4407013373419853e-06
0.6227207039369203,0.37499833936951105,3.64432046241383e-06,0.001419214394297931,0.000854641637057983,8.305600109082342e-09,7.84038585441328e-09,3.440195764557581e-06
0.6227219884275862,0.37499719529253817,3.6437356466454182e-06,0.0014191301711135498,0.0008545865484429578,8.303757782922324e-09,7.83873469141395e-09,3.439682179968502e-06
0.6227232821454997,0.3749960456413412,3.6431452988063263e-06,0.0014190436916390566,0.0008545300762904211,8.301889658271574e-09,7.837053704039943e-09,3.4391609876082295e-06
0.6227245845311967,0.3749948909156978,3.6425497361821687e-06,0.0014189549914795485,0.0008544722439735599,8.299996685715359e-09,7.835343994937037e-09,3.438632575481576e-06
0.6227258950515948,0.3749937315886152,3.641949264612968e-06,0.001418864106560267,0.0008544130749604368,8.29807979074941e-09,7.83360663521002e-09,3.4380973181129416e-06
0.6227272131984601,0.37499256810794174,3.641344178671642e-06,0.0014187710730731145,0.0008543525927875488,8.29613987390987e-09,7.831842665318313e-09,3.4375555763769184e-06
0.622728538487022,0.3749914008978282,3.6407347617616935e-06,0.0014186759274257285,0.0008542908210343878,8.294177811002379e-09,7.830053095846653e-09,3.437007696987895e-06
0.6227298704547086,0.37499023036006424,3.6401212865236244e-06,0.001418578706193198,0.00085422778329914,8.29219445342811e-09,7.82823890829632e-09,3.436454014871423e-06
0.6227312086599833,0.3749890568753099,3.63950401502432e-06,0.0014184794460724338,0.000854163503175609,8.290190628566892e-09,7.826401055764865e-09,3.4358948519914945e-06
0.622732552681268,0.37498788080423634,3.638883199065399e-06,0.0014183781838391692,0.000854098004231398,8.28816714021073e-09,7.82454046362457e-09,3.435330518383573e-06
0.622733902115941,0.3749867024885884,3.63825908047032e-06,0.001418274956307536,0.000854031309987364,8.286124769032574e-09,7.822658030171084e-09,3.4347613123183065e-06
0.6227352565794004,0.3749855222521777,3.6376318914303074e-06,0.0014181698002921283,0.0008539634438983238,8.28406427308374e-09,7.820754627273699e-09,3.4341875210586566e-06
0.6227366157041859,0.3749843404018137,3.637001854763896e-06,0.0014180627525724706,0.0008538944293349862,8.281986388305228e-09,7.818831100989215e-09,3.4336094205943168e-06
0.6227379791391534,0.37498315722817893,3.636369184229668e-06,0.001417953849859784,0.0008538242895670706,8.279891829051037e-09,7.81688827218276e-09,3.433027276312028e-06
0.6227393465486971,0.3749819730066525,3.635734084895466e-06,0.0014178431287659458,0.000853753047747565,8.277781288622292e-09,7.814926937161148e-09,3.4324413438092804e-06
0.622740717612016,0.374980787998087,3.635096753308025e-06,0.0014177306257745364,0.0008536807268980725,8.27565543979305e-09,7.812947868241997e-09,3.431851867810842e-06
0.6227420920224207,0.3749796024495414,3.6344573779003346e-06,0.001417616377213865,0.0008536073498951977,8.273514935344252e-09,7.810951814387949e-09,3.431259084145396e-06
0.6227434694866787,0.3749784165949733,3.6338161392420575e-06,0.001417500419231873,0.0008535329394579171,8.271360408590376e-09,7.808939501792771e-09,3.430663219097636e-06
0.622744849724394,0.3749772306558929,3.6331732103452534e-06,0.0014173827877728097,0.0008534575181358837,8.269192473901909e-09,7.806911634479098e-09,3.4300644901303102e-06
0.6227462324674211,0.374976044841982,3.632528756819138e-06,0.0014172635185555845,0.0008533811082986154,8.267011727211482e-09,7.804868894845226e-09,3.4294631050997977e-06
0.6227476174593088,0.37497485935167874,3.6318829373914577e-06,0.001417142647053707,0.0008533037321255203,8.264818746531427e-09,7.802811944316766e-09,3.4288592652627986e-06
0.6227490044547744,0.3749736743727312,3.631235903839567e-06,0.0014170202084767163,0.0008532254115967082,8.262614092435328e-09,7.800741423818424e-09,3.428253161480187e-06
0.6227503932192044,0.3749724900827215,3.630587801546273e-06,0.0014168962377530245,0.0008531461684845482,8.260398308554414e-09,7.798657954421196e-09,3.427644978829128e-06
0.622751783528182,0.37497130664956135,3.6299387695092736e-06,0.001416770769514091,0.0008530660243459288,8.258171922044096e-09,7.796562137824585e-09,3.427034893240809e-06
0.6227531751670382,0.374970124231962,3.6292889406960343e-06,0.0014166438380798496,0.0008529850005151797,8.255935444049671e-09,7.794454556929484e-09,3.426423074083943e-06
0.6227545679304272,0.37496894297987876,3.6286384422625495e-06,0.0014165154774453221,0.0008529031180976205,8.253689370159948e-09,7.79233577636577e-09,3.425809683651486e-06
0.6227559616219217,0.37496776303493246,3.6279873957670747e-06,0.0014163857212683478,0.0008528203979636971,8.25143418084877e-09,7.79020634300962e-09,3.4251948774157278e-06
0.6227573560536305,0.37496658453080883,3.6273359173660548e-06,0.0014162546028583694,0.0008527368607436778,8.249170341904159e-09,7.788066786486297e-09,3.4245788041785566e-06
0.6227587510458338,0.37496540759363695,3.626684117983992e-06,0.001416122155166209,0.0008526525268228712,8.246898304843551e-09,7.785917619655004e-09,3.4239616061285623e-06
0.622760146426638,0.3749642323423483,3.6260321036238836e-06,0.0014159884107747848,0.0008525674163373412,8.244618507326851e-09,7.783759339127135e-09,3.4233434201659726e-06
0.6227615420316466,0.37496305888901726,3.625379975397028e-06,0.0014158534018907116,0.0008524815491700891,8.242331373545555e-09,7.781592425692052e-09,3.4227243761930585e-06
0.6227629377036475,0.37496188733918406,3.6247278298614395e-06,0.0014157171603367377,0.0008523949449476772,8.240037314613658e-09,7.779417344823078e-09,3.422104599494722e-06
0.6227643332923164,0.37496071779216167,3.6240757591021424e-06,0.001415579717544968,0.0008523076230372685,8.237736728939696e-09,7.777234547099784e-09,3.4214842092737784e-06
0.6227657286539326,0.37495955034132705,3.623423850962259e-06,0.0014154411045508328,0.00085221960254406,8.235430002593256e-09,7.775044468663685e-09,3.420863319897868e-06
0.6227671236511105,0.374958385074398,3.6227721891482457e-06,0.001415301351987757,0.0008521309023090862,8.233117509656412e-09,7.772847531627493e-09,3.4202420402719322e-06
0.6227685181525419,0.3749572220736961,3.6221208534731197e-06,0.0014151604900824934,0.0008520415409073742,8.230799612571873e-09,7.770644144515479e-09,3.41962047504321e-06
0.6227699120327512,0.37495606141639687,3.6214699198794855e-06,0.0014150185486510789,0.0008519515366464281,8.228476662470929e-09,7.76843470262896e-09,3.418998723262507e-06
0.6227713051718625,0.3749549031747677,3.6208194607000914e-06,0.0014148755570953812,0.0008518609075650247,8.226148999501389e-09,7.766219588471131e-09,3.418376880217129e-06
0.6227726974553758,0.3749537474163943,3.620169544749992e-06,0.0014147315444002018,0.0008517696714323041,8.223816953141879e-09,7.763999172114826e-09,3.417755036543337e-06
0.6227740887739545,0.37495259420439636,3.6195202374925025e-06,0.0014145865391309033,0.0008516778457471376,8.22148084250943e-09,7.761773811582091e-09,3.4171332789138995e-06
0.622775479023222,0.37495144359763266,3.61887160117725e-06,0.0014144405694315313,0.000851585447737756,8.21914097665841e-09,7.75954385320731e-09,3.4165116900755e-06
0.6227768681035672,0.37495029565089705,3.618223694897311e-06,0.0014142936630234032,0.0008514924943616261,8.216797654865586e-09,7.757309631966366e-09,3.4158903484143227e-06
0.6227782559199591,0.3749491504151048,3.6175765747772423e-06,0.0014141458472041342,0.0008513990023055557,8.214451166912244e-09,7.755071471835056e-09,3.4152693290338404e-06
0.6227796423817676,0.3749480079374704,3.616930294084146e-06,0.0014139971488470802,0.000851304987986021,8.212101793357621e-09,7.752829686117852e-09,3.4146487034578535e-06
0.6227810274025947,0.37494686826167745,3.6162849032874554e-06,0.0014138475944011674,0.0008512104675496964,8.209749805800186e-09,7.750584577751954e-09,3.414028539385068e-06
0.6227824109001102,0.37494573142804055,3.6156404502443594e-06,0.0014136972098910904,0.0008511154568741786,8.20739546713757e-09,7.748336439640282e-09,3.4134089017382496e-06
0.6227837927958962,0.37494459747365994,3.6149969802923964e-06,0.0014135460209178546,0.0008510199715688928,8.20503903181759e-09,7.746085554950852e-09,3.412789852245384e-06
0.6227851730152968,0.3749434664325692,3.6143545362809074e-06,0.0014133940526596426,0.0008509240269761677,8.202680746076667e-09,7.743832197388706e-09,3.412171449086205e-06
0.6227865514872742,0.3749423383358763,3.613713158722096e-06,0.0014132413298729842,0.0008508276381724705,8.200320848175894e-09,7.741576631494673e-09,3.411553747844287e-06
0.6227879281442715,0.3749412132118985,3.613072885907172e-06,0.0014130878768942121,0.0008507308199697913,8.19795956863182e-09,7.739319112928274e-09,3.4109368014828365e-06
0.6227893029220797,0.37494009108629117,3.61243375396164e-06,0.0014129337176411873,0.0008506335869171695,8.19559713043777e-09,7.737059888725437e-09,3.4103206600470795e-06
0.6227906757597107,0.37493897198217124,3.6117957968851273e-06,0.0014127788756152723,0.0008505359533023474,8.193233749275292e-09,7.73479919754283e-09,3.4097053706052478e-06
0.6227920465992757,0.37493785592023493,3.6111590467524936e-06,0.0014126233739035422,0.0008504379331535486,8.190869633728948e-09,7.732537269943918e-09,3.4090909785540207e-06
0.6227934153858672,0.37493674291887064,3.6105235337344963e-06,0.0014124672351812132,0.0008503395402413697,8.188504985489536e-09,7.730274328627174e-09,3.4084775265549528e-06
0.6227947820674467,0.37493563299426697,3.6098892861242295e-06,0.001412310481714276,0.0008502407880807772,8.186139999547866e-09,7.728010588647039e-09,3.4078650545780522e-06
0.622796146594736,0.374934526160516,3.609256330477487e-06,0.0014121531353623216,0.0008501416899332032,8.183774864388442e-09,7.725746257662078e-09,3.407253600812191e-06
0.6227975089211133,0.37493342242971217,3.6086246916655552e-06,0.001411995217581543,0.0008500422588087314,8.181409762175805e-09,7.72348153615264e-09,3.406643201217074e-06
0.6227988690025125,0.3749323218120471,3.60799439296875e-06,0.0014118367494279041,0.0008499425074683686,8.179044868937463e-09,7.721216617644619e-09,3.406033889912261e-06
0.6228002267973265,0.37493122431590026,3.607365456023653e-06,0.0014116777515604604,0.0008498424484263934,8.176680354732513e-09,7.718951688882758e-09,3.405425698174244e-06
0.622801582266315,0.3749301299479259,3.606737901129901e-06,0.0014115182442448223,0.0008497420939527763,8.174316383834404e-09,7.716686930105817e-09,3.4048186571317914e-06
0.6228029353725142,0.37492903871313643,3.6061117470622997e-06,0.0014113582473567505,0.0008496414560756665,8.171953114888384e-09,7.714422515172287e-09,3.4042127944461106e-06
0.6228042860811511,0.37492795061498196,3.6054870112152315e-06,0.001411197780385868,0.0008495405465839361,8.169590701071965e-09,7.712158611773817e-09,3.403608136521996e-06
0.6228056343595606,0.3749268656554268,3.604863709764165e-06,0.0014110368624394895,0.000849439377029782,8.16722929025878e-09,7.709895381652802e-09,3.403004708901584e-06
0.6228069801771051,0.3749257838350229,3.6042418575539132e-06,0.001410875512246547,0.000849337958731376,8.164869025164318e-09,7.707632980734192e-09,3.4024025344035383e-06
0.622808323505098,0.37492470515297976,3.603621468314335e-06,0.001410713748161612,0.0008492363027755595,8.162510043500612e-09,7.705371559347669e-09,3.4018016354522846e-06
0.6228096643167288,0.3749236296072319,3.6030025544846123e-06,0.001410551588169,0.0008491344200205793,8.160152478108944e-09,7.703111262329906e-09,3.40120203139569e-06
0.6228110025869924,0.37492255719450335,3.6023851275586987e-06,0.0014103890498869509,0.0008490323210988571,8.157796457112089e-09,7.700852229275452e-09,3.400603742237242e-06
0.6228123382926193,0.3749214879103694,3.6017691978931877e-06,0.0014102261505718817,0.0008489300164197943,8.155442104043038e-09,7.698594594628264e-09,3.400006785063161e-06
0.6228136714120097,0.3749204217493158,3.601154774856257e-06,0.0014100629071226967,0.0008488275161725997,8.153089537978609e-09,7.696338487865123e-09,3.399411176322535e-06
0.6228150019251693,0.3749193587047956,3.600541866864607e-06,0.0014098993360851548,0.0008487248303291451,8.150738873668658e-09,7.694084033644552e-09,3.39881693121934e-06
0.6228163298136469,0.3749182987692837,3.599930481359676e-06,0.0014097354536562838,0.0008486219686468392,8.14839022165676e-09,7.69183135193247e-09,3.3982240632845748e-06
0.6228176550604756,0.3749172419343289,3.599320624977764e-06,0.0014095712756888388,0.000848518940671519,8.14604368840756e-09,7.689580558181811e-09,3.397632585836553e-06
0.6228189776501148,0.37491618819060396,3.598712303475567e-06,0.0014094068176957937,0.0008484157557403543,8.143699376421288e-09,7.68733176343769e-09,3.3970425103724676e-06
0.6228202975683951,0.37491513752795347,3.598105521817263e-06,0.0014092420948548653,0.0008483124229847638,8.141357384349296e-09,7.685085074484449e-09,3.3964538476725746e-06
0.622821614802464,0.3749140899354399,3.597500284144537e-06,0.0014090771220130636,0.0008482089513333393,8.13901780710151e-09,7.682840593954793e-09,3.395866607031996e-06
0.6228229293407354,0.37491304540138765,3.596896593952948e-06,0.0014089119136912601,0.0008481053495147737,8.136680735961629e-09,7.680598420497179e-09,3.395280797810527e-06
0.622824241172839,0.37491200391342516,3.596294453982786e-06,0.0014087464840887725,0.0008480016260607923,8.13434625868774e-09,7.678358648856931e-09,3.3946964275164535e-06
0.6228255502895725,0.3749109654585254,3.595693866282269e-06,0.0014085808470879625,0.0008478977893090845,8.132014459613225e-09,7.676121370001712e-09,3.3941135029290824e-06
0.6228268566828554,0.3749099300230446,3.595094832295577e-06,0.0014084150162588357,0.0008477938474062317,8.129685419749077e-09,7.67388667125306e-09,3.393532030405976e-06
0.6228281603456841,0.3749088975927594,3.5944973528921753e-06,0.0014082490048636515,0.0008476898083106338,8.127359216883133e-09,7.671654636399166e-09,3.3929520155803265e-06
0.6228294612720887,0.37490786815290245,3.593901428271963e-06,0.0014080828258615256,0.0008475856797954267,8.125035925666968e-09,7.669425345765867e-09,3.3923734624252868e-06
0.6228307594570915,0.37490684168819627,3.5933070581225334e-06,0.0014079164919130307,0.0008474814694513917,8.122715617711075e-09,7.667198876358132e-09,3.391796375037519e-06
0.6228320548966668,0.3749058181828862,3.5927142416553445e-06,0.0014077500153847889,0.0008473771846898556,8.120398361677528e-09,7.664975301966786e-09,3.3912207569842427e-06
0.6228333475877021,0.3749047976207714,3.592122977513995e-06,0.0014075834083540552,0.0008472728327455791,8.118084223360974e-09,7.662754693233017e-09,3.390646610353243e-06
0.6228346375279608,0.37490377998523483,3.5915332639075576e-06,0.0014074166826132835,0.000847168420679631,8.115773265776175e-09,7.660537117775441e-09,3.3900739373311583e-06
0.6228359247160458,0.37490276525927196,3.5909450985201275e-06,0.0014072498496746778,0.0008470639553822471,8.113465549234292e-09,7.658322640249515e-09,3.389502738693663e-06
0.6228372091513649,0.37490175342551807,3.590358478668964e-06,0.0014070829207747236,0.0008469594435756736,8.111161131427858e-09,7.656111322477205e-09,3.388933015572867e-06
0.6228384908340973,0.3749007444662745,3.5897734012535236e-06,0.0014069159068786975,0.0008468548918169921,8.108860067507156e-09,7.653903223514979e-09,3.3883647681145143e-06
0.6228397697651609,0.3748997383635339,3.58918986275384e-06,0.0014067488186851518,0.0008467503065009265,8.10656241015312e-09,7.651698399731715e-09,3.3877979957533918e-06
0.6228410459461811,0.37489873509900395,3.588607859273224e-06,0.0014065816666303747,0.0008466456938626288,8.104268209650196e-09,7.649496904897206e-09,3.387232697549417e-06
0.6228423193794606,0.37489773465413057,3.5880273866211625e-06,0.0014064144608928182,0.0008465410599804438,8.101977513961773e-09,7.647298790282113e-09,3.3866688725810924e-06
0.6228435900679503,0.37489673701011983,3.5874484402373e-06,0.0014062472113974987,0.000846436410778652,8.099690368796135e-09,7.645104104709004e-09,3.3861065188482592e-06
0.6228448580152214,0.3748957421479588,3.5868710152710153e-06,0.0014060799278203659,0.0008463317520301896,8.097406817675558e-09,7.642912894645764e-09,3.3855456343376898e-06
0.6228461232254375,0.37489475004843587,3.586295106503397e-06,0.0014059126195926357,0.000846227089359345,8.095126901996352e-09,7.640725204250514e-09,3.384986215930698e-06
0.6228473857033294,0.3748937606921597,3.585720708511348e-06,0.0014057452959050883,0.0008461224282444281,8.092850661098732e-09,7.638541075486028e-09,3.384428261148564e-06
0.6228486454541692,0.37489277405957755,3.5851478155571818e-06,0.00140557796571233,0.000846017774020417,8.09057813232469e-09,7.636360548153132e-09,3.3838717663084443e-06
0.622849902483746,0.37489179013099294,3.5845764216820155e-06,0.0014054106377370168,0.0008459131318815763,8.088309351080603e-09,7.634183659980347e-09,3.3833167279013698e-06
0.6228511567983429,0.3748908088865821,3.5840065206479716e-06,0.0014052433204740386,0.000845808506884051,8.086044350892489e-09,7.632010446668035e-09,3.3827631415798424e-06
0.6228524084047135,0.3748898303064101,3.5834381060039436e-06,0.0014050760221946635,0.0008457039039484305,8.083783163464e-09,7.629840941966203e-09,3.3822110030094162e-06
0.6228536573100606,0.374888854370446,3.58287117116898e-06,0.001404908750950639,0.0008455993278622866,8.081525818737724e-09,7.627675177758501e-09,3.3816603081334845e-06
0.6228549035220152,0.37488788105857734,3.582305709293071e-06,0.0014047415145782532,0.0008454947832826828,8.079272344942868e-09,7.62551318407822e-09,3.381111051577937e-06
0.6228561470486158,0.37488691035062394,3.5817417133314465e-06,0.001404574320702351,0.0008453902747386541,8.077022768647136e-09,7.623354989182561e-09,3.380563228049348e-06
0.6228573878982888,0.3748859422263511,3.5811791761088856e-06,0.0014044071767403065,0.0008452858066336585,8.074777114811018e-09,7.621200619625047e-09,3.3800168324001416e-06
0.6228586260798298,0.3748849766654821,3.5806180902173595e-06,0.001404240089905951,0.0008451813832479987,8.072535406831865e-09,7.61905010027675e-09,3.3794718584369375e-06
0.622859861602385,0.3748840136477103,3.5800584481748486e-06,0.0014040730672134545,0.0008450770087412138,8.0702976665983e-09,7.616903454422577e-09,3.3789283007701623e-06
0.6228610944754343,0.3748830531527103,3.5795002422975733e-06,0.001403906115481165,0.0008449726871544428,8.068063914532235e-09,7.614760703773325e-09,3.378386152866862e-06
0.6228623247087732,0.374882095160149,3.5789434648295945e-06,0.0014037392413353963,0.0008448684224127557,8.065834169638993e-09,7.612621868550547e-09,3.37784540881991e-06
0.6228635523124977,0.37488113964969566,3.57838810784517e-06,0.0014035724512141733,0.0008447642183274561,8.063608449547743e-09,7.610486967504494e-09,3.3773060618106e-06
0.6228647772969875,0.3748801866010319,3.5778341633239522e-06,0.0014034057513709263,0.0008446600785983508,8.061386770556067e-09,7.608356017979947e-09,3.3767681052718457e-06
0.6228659996728915,0.3748792359938608,3.5772816231410166e-06,0.0014032391478781409,0.0008445560068159922,8.059169147671868e-09,7.606229035957166e-09,3.3762315323628808e-06
0.6228672194511126,0.37487828780791593,3.576730479063104e-06,0.001403072646630959,0.0008444520064638879,8.0569555946532e-09,7.604106036092741e-09,3.3756963359942228e-06
0.6228684366427939,0.3748773420229695,3.576180722810181e-06,0.001402906253350732,0.0008443480809206796,8.054746124050988e-09,7.601987031779114e-09,3.375162509331804e-06
0.6228696512593052,0.37487639861884053,3.575632345962372e-06,0.001402739973588525,0.000844244233462292,8.052540747242783e-09,7.599872035157084e-09,3.3746300446970844e-06
0.6228708633122295,0.37487545757540214,3.57508534006233e-06,0.0014025738127285729,0.0008441404672640499,8.050339474473304e-09,7.597761057183682e-09,3.374098934918109e-06
0.622872072813351,0.37487451887258877,3.5745396966219033e-06,0.0014024077759916898,0.0008440367854027662,8.04814231489334e-09,7.595654107673369e-09,3.3735691727772664e-06
0.6228732797746418,0.37487358249040315,3.5739954070178258e-06,0.00140224186843863,0.0008439331908587988,8.045949276589166e-09,7.593551195303537e-09,3.3730407501456147e-06
0.6228744842082514,0.37487264840892226,3.5734524625989894e-06,0.0014020760949733967,0.0008438296865180744,8.043760366619304e-09,7.591452327680006e-09,3.372513659439874e-06
0.6228756861264948,0.3748717166083036,3.572910854696281e-06,0.001401910460346507,0.0008437262751740853,8.04157559105033e-09,7.589357511375652e-09,3.3719878930662766e-06
0.6228768855418416,0.3748707870687908,3.5723705746057527e-06,0.001401744969158206,0.0008436229595298527,8.039394954989545e-09,7.587266751959953e-09,3.371463443227632e-06
0.6228780824669058,0.3748698597707191,3.5718316135305374e-06,0.0014015796258616358,0.0008435197421998632,8.037218462612293e-09,7.585180054013694e-09,3.3709403015607673e-06
0.6228792769144353,0.3748689346945203,3.5712939626806337e-06,0.0014014144347659512,0.000843416625711971,8.035046117195899e-09,7.583097421189114e-09,3.370418460263448e-06
0.6228804688973026,0.37486801182072743,3.570757613252854e-06,0.0014012494000393944,0.0008433136125092738,8.032877921150504e-09,7.581018856236067e-09,3.3698979113469475e-06
0.6228816584284954,0.37486709112997935,3.570222556394654e-06,0.001401084525712316,0.000843210704951956,8.030713876045772e-09,7.578944361021142e-09,3.36937864646675e-06
0.6228828455211073,0.37486617260302485,3.5696887832440136e-06,0.0014009198156801517,0.0008431079053191035,8.02855398263991e-09,7.576873936567824e-09,3.368860657447446e-06
0.6228840301883295,0.37486525622072664,3.5691562849810144e-06,0.0014007552737063508,0.0008430052158104882,8.02639824091113e-09,7.574807583101079e-09,3.36834393645373e-06
0.6228852124434423,0.37486434196406493,3.568625052690322e-06,0.0014005909034252597,0.0008429026385483255,8.024246650077473e-09,7.572745300034273e-09,3.3678284745997484e-06
0.6228863922998072,0.374863429814141,3.5680950775076103e-06,0.0014004267083449558,0.0008428001755789998,8.022099208627369e-09,7.570687086037519e-09,3.3673142639115613e-06
0.6228875697708592,0.37486251975218027,3.567566350592225e-06,0.001400262691850038,0.0008426978288747622,8.01995591434643e-09,7.568632939057452e-09,3.366801296249114e-06
0.6228887448700994,0.3748616117595353,3.567038863073495e-06,0.0014000988572043683,0.0008425956003354001,8.017816764339088e-09,7.566582856326684e-09,3.366289563041779e-06
0.6228899176110874,0.37486070581768866,3.5665126060667795e-06,0.0013999352075537719,0.0008424934917898788,8.015681755051148e-09,7.56453683439171e-09,3.365779055728674e-06
0.6228910880074353,0.37485980190825535,3.5659875707464696e-06,0.0013997717459286873,0.0008423915049979528,8.013550882296772e-09,7.562494869158408e-09,3.3652697662397912e-06
0.6228922560728007,0.37485890001298533,3.5654637482710478e-06,0.0013996084752467745,0.0008422896416517517,8.011424141278631e-09,7.560456955893917e-09,3.364761685973814e-06
0.6228934218208804,0.3748580001137655,3.564941129846209e-06,0.0013994453983154787,0.0008421879033773369,8.009301526612135e-09,7.558423089267388e-09,3.36425480673583e-06
0.6228945852654042,0.3748571021926219,3.564419706680434e-06,0.0013992825178345471,0.0008420862917362312,8.007183032345239e-09,7.556393263359258e-09,3.363749120014615e-06
0.6228957464201295,0.3748562062317215,3.563899470018652e-06,0.001399119836398507,0.0008419848082269229,8.00506865198028e-09,7.554367471692145e-09,3.3632446175081175e-06
0.6228969052988351,0.3748553122133737,3.56338041110338e-06,0.0013989573564990958,0.0008418834542863407,8.002958378491892e-09,7.552345707239882e-09,3.362741290618466e-06
0.6228980619153166,0.37485442012003206,3.562862521199872e-06,0.0013987950805276503,0.0008417822312913034,8.0008522043465e-09,7.55032796245408e-09,3.3622391308777244e-06
0.6228992162833805,0.37485352993429555,3.56234579168666e-06,0.001398633010777453,0.0008416811405599432,7.998750121527676e-09,7.548314229311527e-09,3.3617381305138678e-06
0.6229003684168399,0.37485264163890997,3.561830213880806e-06,0.0013984711494460392,0.0008415801833531048,7.996652121547018e-09,7.546304499282331e-09,3.361238280538703e-06
0.6229015183295092,0.3748517552167687,3.561315779171933e-06,0.001398309498637459,0.0008414793608757159,7.99455819546539e-09,7.544298763385789e-09,3.3607395728322783e-06
0.6229026660352001,0.37485087065091405,3.5608024789620877e-06,0.0013981480603644978,0.0008413786742781337,7.992468333908585e-09,7.54229701219113e-09,3.3602419988799623e-06
0.6229038115477167,0.37484998792453766,3.5602903047502387e-06,0.0013979868365508606,0.0008412781246574667,7.990382527088858e-09,7.54029923586006e-09,3.359745550791979e-06
0.6229049548808518,0.3748491070209817,3.559779248027333e-06,0.0013978258290333126,0.0008411777130588726,7.988300764817395e-09,7.538305424133505e-09,3.3592502199782236e-06
0.6229060960483829,0.374848227923739,3.5592693003566186e-06,0.0013976650395637806,0.0008410774404768292,7.986223036522709e-09,7.536315566370775e-09,3.3587559983986376e-06
0.622907235064068,0.374847350616454,3.5587604533399437e-06,0.0013975044698114174,0.0008409773078563848,7.9841493312657e-09,7.53432965155628e-09,3.358262877824517e-06
0.6229083719416422,0.37484647508292296,3.558252698608713e-06,0.0013973441213646254,0.000840877316094382,7.982079637753577e-09,7.532347668311865e-09,3.3577708499650165e-06
0.6229095066948143,0.37484560130709405,3.5577460278309995e-06,0.0013971839957330429,0.0008407774660406592,7.980013944353943e-09,7.530369604913263e-09,3.35727990657622e-06
0.6229106393372633,0.3748447292730679,3.5572404327657035e-06,0.0013970240943494924,0.0008406777584992293,7.97795223911246e-09,7.528395449321036e-09,3.3567900398463843e-06
0.6229117698826353,0.3748438589650975,3.5567359051380895e-06,0.001396864418571893,0.0008405781942294348,7.97589450976036e-09,7.526425189157833e-09,3.3563012410952756e-06
0.6229128983445403,0.3748429903675883,3.556232436830333e-06,0.0013967049696851327,0.0008404787739470803,7.973840743736397e-09,7.524458811777726e-09,3.355813503009314e-06
0.6229140247365494,0.37484212346509815,3.555730019685051e-06,0.0013965457489029105,0.000840379498325545,7.971790928192658e-09,7.522496304223113e-09,3.3553268169708376e-06
0.6229151490721923,0.3748412582423374,3.5552286456982274e-06,0.0013963867573695366,0.0008402803679968702,7.969745050015071e-09,7.520537653293654e-09,3.354841175735612e-06
0.6229162713649539,0.3748403946841683,3.554728306799891e-06,0.0013962279961617012,0.0008401813835528276,7.96770309582634e-09,7.51858284549504e-09,3.3543565705677537e-06
0.6229173916282725,0.37483953277560506,3.5542289950694936e-06,0.0013960694662902076,0.0008400825455459649,7.965665052005658e-09,7.516631867112866e-09,3.3538729942285933e-06
0.6229185098755374,0.37483867250181335,3.553730702592339e-06,0.001395911168701671,0.0008399838544906318,7.963630904696296e-09,7.514684704184014e-09,3.353390438577786e-06
0.6229196261200861,0.37483781384811005,3.553233421575768e-06,0.001395753104280183,0.0008398853108639844,7.96160063982185e-09,7.512741342542092e-09,3.3529088963341505e-06
0.6229207403752023,0.37483695679996276,3.552737144166376e-06,0.0013955952738489458,0.0008397869151069703,7.959574243088116e-09,7.510801767774636e-09,3.352428358950213e-06
0.622921852654114,0.3748361013429893,3.5522418626522235e-06,0.001395437678171869,0.000839688667625292,7.957551700000766e-09,7.508865965291573e-09,3.3519488192825873e-06
0.6229229629699917,0.374835247462957,3.551747569347607e-06,0.0013952803179551384,0.0008395905687903532,7.95553299587317e-09,7.506933920303616e-09,3.351470269494034e-06
0.622924071335946,0.37483439514578243,3.5512542566537306e-06,0.001395123193848751,0.0008394926189401832,7.953518115838555e-09,7.505005617849936e-09,3.35099270221003e-06
0.6229251777650262,0.37483354437753047,3.5507619170241694e-06,0.0013949663064480192,0.0008393948183803439,7.951507044859062e-09,7.503081042798578e-09,3.350516109889546e-06
0.6229262822702186,0.3748326951444138,3.5502705429427314e-06,0.0013948096562950445,0.0008392971673848172,7.949499767732979e-09,7.501160179848873e-09,3.350040484853556e-06
0.622927384864445,0.374831847432792,3.5497801269709505e-06,0.0013946532438801598,0.0008391996661968742,7.947496269105487e-09,7.499243013554188e-09,3.349565819790251e-06
0.6229284855605608,0.3748310012291709,3.5492906617296252e-06,0.0013944970696433434,0.0008391023150299263,7.9454965334775e-09,7.497329528326011e-09,3.3490921073304006e-06
0.622929584371354,0.37483015652020174,3.548802139899191e-06,0.001394341133975603,0.000839005114068359,7.943500545214302e-09,7.495419708442801e-09,3.348619340158887e-06
0.622930681309544,0.3748293132926803,3.5483145542199656e-06,0.0013941854372203312,0.0008389080634683463,7.941508288553757e-09,7.49351353805851e-09,3.3481475110151766e-06
0.6229317763877796,0.3748284715335462,3.54782789748019e-06,0.001394029979674632,0.0008388111633586509,7.939519747613626e-09,7.491611001207075e-09,3.347676612597216e-06
0.6229328696186387,0.37482763122988166,3.547342162569682e-06,0.0013938747615906202,0.0008387144138414042,7.93753490640247e-09,7.489712081826512e-09,3.3472066380558814e-06
0.6229339610146266,0.374826792368911,3.5468573423914545e-06,0.001393719783176693,0.0008386178149928721,7.935553748823446e-09,7.48781676374099e-09,3.3467375799823284e-06
0.6229350505881752,0.3748259549379992,3.5463734299155407e-06,0.001393565044598774,0.000838521366864202,7.933576258682412e-09,7.48592503068292e-09,3.3462694313525735e-06
0.6229361383516421,0.3748251189246513,3.545890418213716e-06,0.0013934105459815303,0.0008384250694821559,7.931602419698168e-09,7.484036866311279e-09,3.345802185485583e-06
0.6229372243173094,0.37482428431651127,3.5454083003710504e-06,0.0013932562874095656,0.0008383289228498258,7.929632215505533e-09,7.482152254192964e-09,3.345335835141504e-06
0.6229383084973833,0.3748234511013609,3.5449270695519084e-06,0.001393102268928586,0.000838232926947335,7.927665629663687e-09,7.480271177827995e-09,3.344870373562668e-06
0.6229393909039929,0.3748226192671189,3.5444467189689068e-06,0.0013929484905465415,0.0008381370817325243,7.925702645661816e-09,7.47839362064728e-09,3.3444057938409642e-06
0.6229404715491896,0.37482178880183975,3.543967241936378e-06,0.001392794952234741,0.0008380413871416207,7.923743246928422e-09,7.476519566035071e-09,3.343942089523022e-06
0.6229415504449468,0.37482095969371254,3.5434886317940366e-06,0.0013926416539289453,0.0008379458430898941,7.921787416834444e-09,7.474648997313251e-09,3.3434792536938316e-06
0.6229426276031587,0.3748201319310601,3.543010881919413e-06,0.001392488595530434,0.000837850449472298,7.919835138697734e-09,7.472781897749609e-09,3.3430172795235694e-06
0.62294370303564,0.3748193055023377,3.542533985797414e-06,0.0013923357769070512,0.0008377552061640964,7.91788639579248e-09,7.470918250584232e-09,3.3425561607444015e-06
0.6229447767541254,0.374818480396132,3.542057936954286e-06,0.0013921831978942248,0.0008376601130214757,7.91594117135309e-09,7.469058039016698e-09,3.3420958907206873e-06
0.6229458487702694,0.3748176566011599,3.541582728976324e-06,0.0013920308582959671,0.0008375651698821452,7.913999448579542e-09,7.467201246216486e-09,3.341636462985198e-06
0.6229469190956453,0.37481683410626737,3.5411083555218974e-06,0.0013918787578858496,0.0008374703765659216,7.912061210643417e-09,7.465347855331972e-09,3.3411778712246215e-06
0.6229479877417452,0.3748160129004283,3.5406348102432754e-06,0.0013917268964079583,0.0008373757328753009,7.910126440687995e-09,7.463497849471742e-09,3.340720108592369e-06
0.6229490547199797,0.3748151929727435,3.540162086969714e-06,0.0013915752735778261,0.0008372812385960189,7.908195121842375e-09,7.461651211763475e-09,3.340263169613072e-06
0.6229501200416776,0.3748143743124393,3.5396901795176924e-06,0.0013914238890833472,0.0008371868934975977,7.906267237220006e-09,7.459807925305004e-09,3.3398070476097164e-06
0.6229511837180852,0.37481355690886653,3.53921908175283e-06,0.0013912727425856644,0.0008370926973338785,7.904342769922531e-09,7.45796797318493e-09,3.339351736308368e-06
0.6229522457603669,0.37481274075149923,3.538748787593452e-06,0.0013911218337200422,0.0008369986498435432,7.902421703044108e-09,7.456131338487708e-09,3.338897229502269e-06
0.6229533061796043,0.3748119258299336,3.5382792910985248e-06,0.0013909711620967164,0.0008369047507506247,7.900504019681867e-09,7.454298004324989e-09,3.3384435217255526e-06
0.6229543649867963,0.3748111121338867,3.53781058627816e-06,0.0013908207273017285,0.0008368109997650055,7.898589702931424e-09,7.452467953784613e-09,3.337990606241481e-06
0.6229554221928593,0.3748102996531953,3.5373426672910074e-06,0.0013906705288977347,0.0008367173965829023,7.89667873589805e-09,7.450641169991138e-09,3.3375384777144337e-06
0.6229564778086265,0.3748094883778147,3.536875528252036e-06,0.0013905205664247998,0.0008366239408873409,7.894771101692528e-09,7.448817636054046e-09,3.3370871295335787e-06
0.6229575318448485,0.37480867829781755,3.536409163452601e-06,0.0013903708394011728,0.0008365306323486204,7.892866783444376e-09,7.446997335135324e-09,3.33663655667905e-06
0.6229585843121928,0.37480786940339256,3.535943567108853e-06,0.001390221347324044,0.0008364374706247658,7.890965764294866e-09,7.445180250380262e-09,3.336186752444455e-06
0.6229596352212441,0.37480706168484346,3.535478733666282e-06,0.0013900720896702816,0.0008363444553619687,7.889068027413924e-09,7.443366365009621e-09,3.335737712318848e-06
0.6229606845825042,0.37480625513258764,3.535014657442792e-06,0.0013899230658971562,0.0008362515861950201,7.887173555988759e-09,7.44155566221989e-09,3.335289429380805e-06
0.6229617324063921,0.3748054497371551,3.53455133289047e-06,0.0013897742754430422,0.0008361588627477302,7.885282333233873e-09,7.4397481252595845e-09,3.3348418984624143e-06
0.6229627787032441,0.3748046454891873,3.5340887545799133e-06,0.0013896257177281072,0.0008360662846333397,7.883394342398726e-09,7.437943737431001e-09,3.334395114487475e-06
0.622963823483314,0.3748038423794357,3.533626917041817e-06,0.0013894773921549828,0.0008359738514549208,7.881509566762875e-09,7.436142482046899e-09,3.3339490713143566e-06
0.622964866756773,0.3748030403987609,3.5331658148864375e-06,0.0013893292981094197,0.0008358815628057689,7.879627989641282e-09,7.434344342466252e-09,3.333503763609678e-06
0.62296590853371,0.37480223953813124,3.532705442819081e-06,0.0013891814349609266,0.0008357894182697829,7.877749594390022e-09,7.432549302102947e-09,3.3330591862695067e-06
0.6229669488241321,0.37480143978862185,3.532245795551331e-06,0.0013890338020633942,0.0008356974174218391,7.875874364405078e-09,7.430757344402764e-09,3.3326153336279895e-06
0.6229679876379639,0.3748006411414132,3.5317868678666876e-06,0.0013888863987557027,0.0008356055598281525,7.874002283126413e-09,7.4289684528642086e-09,3.3321722004977636e-06
0.6229690249850488,0.3747998435877901,3.531328654601421e-06,0.0013887392243623162,0.0008355138450466321,7.872133334040408e-09,7.427182611035887e-09,3.3317297816333364e-06
0.6229700608751486,0.3747990471191405,3.5308711506442457e-06,0.0013885922781938617,0.0008354222726272261,7.870267500682156e-09,7.425399802518799e-09,3.3312880718417058e-06
0.6229710953179439,0.3747982517269544,3.5304143509237384e-06,0.0013884455595476932,0.0008353308421122582,7.86840476663679e-09,7.423620010964737e-09,3.330847065885421e-06
0.6229721283230344,0.3747974574028226,3.529958250449226e-06,0.001388299067708443,0.0008352395530367565,7.86654511554389e-09,7.42184322009064e-09,3.3304067588796997e-06
0.6229731598999391,0.3747966641384356,3.5295028442753454e-06,0.001388152801948558,0.0008351484049287726,7.864688531098801e-09,7.4200694136710326e-09,3.329967145773088e-06
