{
"a1_0":113.16306114608662,
"a1_1":0.6185148775333466,
"b1_0":1.5369319662106224,
"b1_1":0.03760940479226199,
"a2_0":8077.199476870318,
"a2_1":0.057953576720718186,
"b2_0":440.8026571721324,
"b2_1":2.43467970870598,
"a3_0":235.89292484428378,
"a3_1":0.03923429602318399,
"b3_0":2756.5914687217423,
"b3_1":0.0898146943993069,
"bh_0":0.081788685383821,
"bh_1":5.696284715226186,
"bh_2":0.15400472492551215,
"ah_0":0.9143043422330024,
"ah_1":66682.01097053559,
"ah_2":0.0001358939910684274,
"vShift":-22.249638959431074,
"vShift_inact":11.631118647114471,
"maxrate":2052.6773331021423,
"ahfactor":110.22089404186298,
"bhfactor":24.830864890050044
}