{"a1_0": 2.429666594996582,
"a1_1": 0.044244542778632004,
"b1_0": 0.7286692995039887,
"b1_1": 0.06952982757643832,
"a2_0": 6204.820201739884,
"a2_1": 0.13070224427007862,
"b2_0": 797.6077523565608,
"b2_1": 0.19562008675321318,
"a3_0": 218.91724035330077,
"a3_1": 0.16191659929284918,
"b3_0": 3080.738457191511,
"b3_1": 0.016493962745893074,
"bh_0": 0.21138260460030908,
"bh_1": 2.800849199329988,
"bh_2": 0.11261781629256429,
"ah_0": 2.3050883622931004,
"ah_1": 77545.8869487112,
"ah_2": 0.0006685395263358665,
"vShift": -26.13746818612549,
"vShift_inact": 21.437824522365858,
"maxrate": 4754.97773178582,
"ahfactor": 210.0114379719879,
"bhfactor": 12.581449212564298}
