{"a1_0": 379.31768246745725,
 "a1_1": 0.2996038390288173,
 "b1_0": 8.058329408899572,
 "b1_1": 0.03325766983925562,
 "a2_0": 7444.027386482925,
 "a2_1": 0.14928659766504881,
 "b2_0": 87.39466758838367,
 "b2_1": 1.3129230241507932,
 "a3_0": 62.75387982833188,
 "a3_1": 0.20528908307854202,
 "b3_0": 4454.536202920111,
 "b3_1": 0.006973479136172067,
 "bh_0": 0.7238726871323464,
 "bh_1": 19.330921782071332,
 "bh_2": 0.15948851116581236,
 "ah_0": 1597.7762935020023,
 "ah_1": 78032.42185903295,
 "ah_2": 0.02035094955874921,
 "vShift": -34.35226726480121,
 "vShift_inact": 7.044207042270489,
 "maxrate": 17907.710945465144,
 "ahfactor": 0.21055855912971808,
 "bhfactor": 2.467885974395937}