{"a1_0": 4.064973869956382,
  "a1_1": 0.021045861139153466,
  "b1_0": 2.9180031558559913,
  "b1_1": 0.038979529677206165,
  "a2_0": 8070.338434243799,
  "a2_1": 0.2605974412014712,
  "b2_0": 432.2263512483996,
  "b2_1": 3.8408899787650563,
  "a3_0": 128.12776783565113,
  "a3_1": 0.02689914584681024,
  "b3_0": 1791.6894552531614,
  "b3_1": 0.14064010070852354,
  "bh_0": 0.05774778170609296,
  "bh_1": 5.677110153401728,
  "bh_2": 0.1626442081874063,
  "ah_0": 0.9155914184739722,
  "ah_1": 63302.58129394356,
  "ah_2": 3.455174092895845e-05,
  "vShift": -35.73737566415428,
  "vShift_inact": 11.217106953041057,
  "maxrate": 9922.36723521779,
  "ahfactor": 102.8502898720022,
  "bhfactor": 29.89036890392375}