{"a1_0": 222.68966271909662,
"a1_1": 0.42347444878511725,
"b1_0": 1.859570956987352,
"b1_1": 0.00377925585440439,
"a2_0": 3211.035378528358,
"a2_1": 0.0038496652443583282,
"b2_0": 358.0484486989103,
"b2_1": 1.7618713779941992,
"a3_0": 193.79738552004304,
"a3_1": 0.0476911020307464,
"b3_0": 2608.66138517622,
"b3_1": 0.14572558925696474,
"bh_0": 0.18512403637000563,
"bh_1": 15.06388162635616,
"bh_2": 0.09476534787132226,
"ah_0": 0.4223064083311969,
"ah_1": 17056.21280752353,
"ah_2": 0.006026681685332951,
"vShift": -24.572648587477648,
"vShift_inact": 6.184814991428648,
"maxrate": 23.36181336216129,
"ahfactor": 143.83204635835023,
"bhfactor": 35.484979264467306}
