c1,c2,c3,i1,i2,i3,i4,o
0.9020791813004244,3.048586522626875e-10,4.944748172755191e-10,0.09792081722217778,1.0656847850264968e-13,1.591173796298119e-13,1.8736014032137855e-13,6.77611141622266e-10
0.9020791816699409,3.048555705468839e-10,4.943528712033069e-10,0.09792081685766127,1.0656834820781054e-13,1.5911691177319354e-13,1.8735424511713682e-13,6.727362208706913e-10
0.902079182374856,3.048466806595097e-10,4.941178645609801e-10,0.09792081615774609,1.0656807799851829e-13,1.591157431446275e-13,1.8734274945043619e-13,6.679803159413196e-10
0.9020791833911624,3.0482957570578585e-10,4.937780417534115e-10,0.09792081514643917,1.0656764889593359e-13,1.5911366531864622e-13,1.87325924427795e-13,6.633378353598012e-10
0.9020791847026124,3.048021400613041e-10,4.933410454953212e-10,0.0979208138399883,1.0656703312043293e-13,1.5911049056985582e-13,1.8730401733914756e-13,6.588031995857082e-10
0.9020791862977939,3.047625235649997e-10,4.928139667783506e-10,0.09792081224980524,1.0656619617633399e-13,1.5910605098620276e-13,1.87277255511794e-13,6.543713676512934e-10
0.9020791881681858,3.047091179228591e-10,4.922033911045821e-10,0.09792081038441101,1.0656509848677171e-13,1.5910019731364772e-13,1.8724584928037605e-13,6.500378105851039e-10
0.9020791903070672,3.046405347362869e-10,4.91515425020039e-10,0.0979208082505261,1.0656369663115482e-13,1.5909279753567995e-13,1.8720999345385494e-13,6.457978371264783e-10
0.9020791927089113,3.045555856574559e-10,4.907557450070168e-10,0.09792080585367698,1.0656194432005688e-13,1.5908373541949442e-13,1.8716986947906027e-13,6.416475606063289e-10
0.9020791953690339,3.044532636758358e-10,4.89929610250359e-10,0.09792080319854778,1.0655979319149599e-13,1.5907290905285918e-13,1.8712564579771405e-13,6.375825696593444e-10
0.9020791982833762,3.0433272649090544e-10,4.890419150254754e-10,0.09792080028919688,1.065571934794537e-13,1.5906022951580728e-13,1.8707747994010738e-13,6.335995550992202e-10
0.9020792014483632,3.041932806954018e-10,4.880971938871598e-10,0.09792079712919911,1.0655409458114673e-13,1.590456196002146e-13,1.8702551844106985e-13,6.296945417515853e-10
0.9020792048608041,3.040343677503524e-10,4.870996670437645e-10,0.09792079372174477,1.0655044554283787e-13,1.5902901267884665e-13,1.8696989857876714e-13,6.258645202285361e-10
0.9020792085178206,3.0385555091087134e-10,4.860532553004089e-10,0.09792079006971183,1.0654619547584304e-13,1.5901035165419398e-13,1.8691074873875594e-13,6.22106332841119e-10
0.902079212416792,3.03656502967032e-10,4.849615911625812e-10,0.09792078617572077,1.0654129391120363e-13,1.589895879773861e-13,1.8684818860270867e-13,6.184165619379439e-10
0.9020792165553123,3.034369957017159e-10,4.838280670007051e-10,0.09792078204217722,1.0653569110304762e-13,1.5896668081939408e-13,1.8678233104671551e-13,6.147930449712348e-10
0.9020792209311564,3.031968896075677e-10,4.826558282235711e-10,0.09792077767130594,1.0652933828464676e-13,1.5894159626345878e-13,1.8671328155287225e-13,6.112327807298943e-10
0.9020792255422526,3.0293612454750976e-10,4.81447793995345e-10,0.09792077306517827,1.0652218788297078e-13,1.589143065800448e-13,1.8664113887663645e-13,6.077330268839231e-10
0.9020792303866603,3.026547117597219e-10,4.802066953698244e-10,0.09792076822573456,1.0651419369843992e-13,1.5888478962014248e-13,1.8656599653568471e-13,6.042920458303169e-10
0.902079235462551,3.023527255781418e-10,4.789350510509446e-10,0.09792076315480279,1.0650531105061037e-13,1.588530281799149e-13,1.8648794146743796e-13,6.009066936889914e-10
0.9020792407681935,3.0203029676897693e-10,4.7763521800655e-10,0.09792075785411404,1.06495496896861e-13,1.5881900950722536e-13,1.8640705610320884e-13,5.975753730279281e-10
0.9020792463019401,3.016876059570153e-10,4.763093842202811e-10,0.0979207523253155,1.0648470992559829e-13,1.5878272481252988e-13,1.863234178352905e-13,5.942958254225496e-10
0.9020792520622164,3.0132487790255206e-10,4.749595917395105e-10,0.09792074656998143,1.0647291062796864e-13,1.5874416885221395e-13,1.8623709986942299e-13,5.910663346521698e-10
0.9020792580475112,3.009423760730807e-10,4.735877390747667e-10,0.0979207405896225,1.0646006134997479e-13,1.5870333953418496e-13,1.8614817115319295e-13,5.878849519386409e-10
0.9020792642563693,3.0054039769792384e-10,4.721955915343839e-10,0.09792073438569372,1.0644612632742502e-13,1.5866023756241194e-13,1.8605669667237395e-13,5.847498230705304e-10
0.9020792706873841,3.0011926947173604e-10,4.707847989181148e-10,0.09792072795960127,1.0643107170658675e-13,1.5861486613522423e-13,1.8596273809773317e-13,5.816595075894971e-10
0.9020792773391922,2.996793434375841e-10,4.693568956653043e-10,0.0979207213127083,1.0641486555168716e-13,1.585672306551292e-13,1.8586635364573464e-13,5.78612316210077e-10
0.9020792842104682,2.9922099338340713e-10,4.679133145225933e-10,0.09792071444634001,1.0639747784147813e-13,1.5851733848007785e-13,1.8576759856166376e-13,5.756068555103045e-10
0.9020792912999201,2.987446113639044e-10,4.664553856700081e-10,0.09792070736178793,1.0637888045566477e-13,1.5846519868132457e-13,1.8566652495073458e-13,5.726414768731582e-10
0.9020792986062862,2.9825060475414004e-10,4.6498435215135886e-10,0.09792070006031368,1.0635904715333756e-13,1.584108218443853e-13,1.855631823583433e-13,5.697149298848354e-10
0.9020793061283311,2.977393933746523e-10,4.6350136792916487e-10,0.09792069254315225,1.063379535438931e-13,1.5835421987184188e-13,1.8545761757045747e-13,5.668257008172744e-10
0.9020793138648433,2.9721140737189243e-10,4.6200752315501767e-10,0.09792068481151474,1.0631557705322905e-13,1.582954058494962e-13,1.8534987566283144e-13,5.639730995301719e-10
0.902079321814633,2.96667084683313e-10,4.6050382427179035e-10,0.09792067686659087,1.0629189688390921e-13,1.5823439387091727e-13,1.8523999900546067e-13,5.611555054203258e-10
0.9020793299765295,2.9610686909720705e-10,4.589912134717897e-10,0.09792066870955103,1.062668939714749e-13,1.581711989110688e-13,1.8512802805270287e-13,5.583719041192808e-10
0.9020793383493796,2.955312083688623e-10,4.574705677816537e-10,0.09792066034154816,1.062405509371643e-13,1.5810583670088972e-13,1.8501400122102009e-13,5.556211130714111e-10
0.902079346932046,2.9494055280234806e-10,4.559427144596244e-10,0.09792065176371927,1.0621285203868077e-13,1.5803832363970655e-13,1.8489795551531989e-13,5.529024336463656e-10
0.9020793557234059,2.943353536356217e-10,4.544084209009764e-10,0.09792064297718686,1.0618378311833998e-13,1.579686766862407e-13,1.8477992600379074e-13,5.502146636331566e-10
0.9020793647223501,2.9371606166552927e-10,4.528684015256017e-10,0.09792063398306013,1.0615333154943475e-13,1.5789691326745604e-13,1.8465994606146086e-13,5.475567578684828e-10
0.9020793739277814,2.9308312609024023e-10,4.5132332416460923e-10,0.09792062478243593,1.0612148618154872e-13,1.5782305120341718e-13,1.8453804759936116e-13,5.449278230337958e-10
0.902079383338614,2.9243699361683333e-10,4.497738186905624e-10,0.09792061537639973,1.0608823728568617e-13,1.5774710865263874e-13,1.8441426140454416e-13,5.423272209803404e-10
0.902079392953773,2.917781074657163e-10,4.482204714816357e-10,0.09792060576602636,1.0605357649880418e-13,1.5766910404508693e-13,1.842886168410021e-13,5.397540202066401e-10
0.9020794027721935,2.9110690655963163e-10,4.4666383112185185e-10,0.09792059595238062,1.0601749676832828e-13,1.5758905602875183e-13,1.8416114206022e-13,5.372074351287784e-10
0.9020794127928197,2.9042382481094094e-10,4.451044109803823e-10,0.09792058593651792,1.0597999229691993e-13,1.575069834222366e-13,1.8403186407573544e-13,5.346867132736602e-10
0.902079423014605,2.897292903618276e-10,4.435426861897456e-10,0.09792057571948473,1.0594105848726423e-13,1.5742290516048463e-13,1.839008085845431e-13,5.321909171108773e-10
0.9020794334365112,2.890237254682367e-10,4.4197911792429646e-10,0.09792056530231899,1.0590069188899933e-13,1.5733684029572588e-13,1.8376800103652707e-13,5.29720010208752e-10
0.9020794440575085,2.8830754559009616e-10,4.404141217574557e-10,0.09792055468605046,1.0585889014495849e-13,1.5724880792508684e-13,1.8363346516983264e-13,5.272726694538234e-10
0.9020794548765748,2.8758115914508893e-10,4.3884809248214326e-10,0.09792054387170104,1.0581565193894654e-13,1.571588271753798e-13,1.834972240974638e-13,5.248484810371098e-10
0.9020794658926956,2.8684496710167047e-10,4.3728139734078317e-10,0.09792053286028501,1.0577097694439594e-13,1.570669171715172e-13,1.8335929997543027e-13,5.224467265082815e-10
0.902079477104864,2.860993627720691e-10,4.3571438329038955e-10,0.09792052165280923,1.0572486577449857e-13,1.569730970209549e-13,1.8321971430632579e-13,5.20066930954347e-10
0.9020794885120801,2.8534473185213737e-10,4.3414738644932934e-10,0.09792051025027333,1.056773199345477e-13,1.5687738581855968e-13,1.830784883512371e-13,5.177089646598051e-10
0.9020795001133513,2.845814515874294e-10,4.325806975348892e-10,0.09792049865366986,1.0562834177340451e-13,1.5677980257168993e-13,1.8293564153826413e-13,5.153713022864199e-10
0.9020795119076918,2.838098912147039e-10,4.3101461105490794e-10,0.0979204868639844,1.0557793443840204e-13,1.5668036623782858e-13,1.8279119366540645e-13,5.130543040382425e-10
0.9020795238941228,2.8303041169147477e-10,4.2944939780968924e-10,0.09792047488219563,1.0552610183110794e-13,1.565790956973058e-13,1.8264516364982e-13,5.107572459650157e-10
0.9020795360716723,2.822433653399975e-10,4.278853010624718e-10,0.09792046270927547,1.0547284856358943e-13,1.5647600971706935e-13,1.8249756932930208e-13,5.084792124679745e-10
0.9020795484393751,2.8144909603126706e-10,4.2632255736225483e-10,0.09792045034618908,1.0541817991695753e-13,1.563711269615695e-13,1.8234842838723085e-13,5.062200746313899e-10
0.9020795609962725,2.806479392337895e-10,4.247613914832987e-10,0.09792043779389495,1.0536210180161617e-13,1.5626446599059165e-13,1.8219775811726306e-13,5.039794961716147e-10
0.9020795737414126,2.7984022187372093e-10,4.232020090288418e-10,0.09792042505334488,1.05304620718486e-13,1.561560452393049e-13,1.8204557507569994e-13,5.017568300913362e-10
0.90207958667385,2.790262624377401e-10,4.2164460582360336e-10,0.09792041212548408,1.0524574372196225e-13,1.560458830191466e-13,1.818918954931837e-13,4.995517754560158e-10
0.9020795997926462,2.78206371154885e-10,4.2008937120991417e-10,0.09792039901125113,1.0518547838478488e-13,1.5593399752505408e-13,1.817367354183057e-13,4.973641520065636e-10
0.902079613096869,2.773808497698547e-10,4.185364721526841e-10,0.09792038571157799,1.0512383276334578e-13,1.5582040680553367e-13,1.815801099879224e-13,4.951931392648364e-10
0.902079626585593,2.765499917737278e-10,4.169860709987882e-10,0.09792037222739003,1.0506081536494471e-13,1.5570512877294893e-13,1.8142203421748706e-13,4.930385909456995e-10
0.9020796402578993,2.7571408263084897e-10,4.15438325699449e-10,0.09792035855960601,1.0499643511688929e-13,1.555881812130028e-13,1.8126252301005923e-13,4.90900368505552e-10
0.9020796541128758,2.748733996600769e-10,4.138933764807619e-10,0.0979203447091381,1.0493070133618546e-13,1.5546958176291635e-13,1.8110159054654837e-13,4.887777996132232e-10
0.9020796681496168,2.740282122923938e-10,4.123513605660618e-10,0.09792033067689182,1.0486362370105428e-13,1.5534934792279031e-13,1.8093925094216372e-13,4.866707735217167e-10
0.9020796823672234,2.7317878191089126e-10,4.1081239604358463e-10,0.09792031646376607,1.0479521222278229e-13,1.5522749702935295e-13,1.8077551751039407e-13,4.84578536247947e-10
0.902079696764803,2.723253624131944e-10,4.09276610236652e-10,0.09792030207065314,1.0472547722032261e-13,1.5510404629389674e-13,1.8061040404066913e-13,4.82501438118402e-10
0.9020797113414702,2.7146819997980805e-10,4.077441091471416e-10,0.09792028749843863,1.0465442929484992e-13,1.5497901276918693e-13,1.8044392341780176e-13,4.804386332169323e-10
0.902079726096346,2.7060753357200206e-10,4.0621500599088157e-10,0.09792027274800151,1.0458207930672741e-13,1.5485241338124714e-13,1.8027608890418887e-13,4.783903819368863e-10
0.9020797410285579,2.697435946421241e-10,4.0468939079421503e-10,0.09792025782021406,1.0450843835212714e-13,1.5472426489078238e-13,1.8010691276426978e-13,4.763557503304243e-10
0.9020797561372403,2.688766075794067e-10,4.0316735907127753e-10,0.09792024271594188,1.0443351774179462e-13,1.5459458392004097e-13,1.799364075505393e-13,4.743349125682839e-10
0.9020797714215343,2.6800678971528656e-10,4.016489950908433e-10,0.09792022743604387,1.0435732898038378e-13,1.544633869403826e-13,1.797645853499521e-13,4.723273914272715e-10
0.9020797868805875,2.671343516203648e-10,4.001343834424674e-10,0.09792021198137223,1.0427988374732117e-13,1.5433069028581087e-13,1.7959145830230548e-13,4.703331567605181e-10
0.9020798025135547,2.662594973182405e-10,3.9862360622390134e-10,0.09792019635277242,1.0420119387885738e-13,1.5419651015914727e-13,1.7941703847570473e-13,4.683520730921941e-10
0.9020798183195968,2.653824241515462e-10,3.971167296049014e-10,0.09792018055108322,1.0412127135008517e-13,1.5406086260722028e-13,1.7924133725438061e-13,4.663834692086295e-10
0.902079834297882,2.6450332302245677e-10,3.956138184500727e-10,0.09792016457713662,1.040401282581874e-13,1.5392376352942487e-13,1.7906436599061397e-13,4.644272336229405e-10
0.9020798504475848,2.6362237876054814e-10,3.9411494175572655e-10,0.09792014843175795,1.0395777680729651e-13,1.5378522869775547e-13,1.7888613625415525e-13,4.624834758027123e-10
0.9020798667678865,2.6273977005623947e-10,3.9262015603092823e-10,0.09792013211576575,1.0387422929343868e-13,1.5364527373826326e-13,1.7870665908238462e-13,4.605516547785243e-10
0.9020798832579756,2.618556695548276e-10,3.9112951155367345e-10,0.09792011562997184,1.0378949809010178e-13,1.535039141268797e-13,1.785259452542038e-13,4.586314610710034e-10
0.9020798999170467,2.6097024436640853e-10,3.896430690047347e-10,0.09792009897518131,1.0370359563580617e-13,1.533611652224496e-13,1.7834400604362716e-13,4.5672324372625444e-10
0.9020799167443017,2.600836559875605e-10,3.88160876983251e-10,0.09792008215219251,1.036165344216205e-13,1.5321704224759581e-13,1.7816085220978532e-13,4.5482647865943393e-10
0.9020799337389486,2.5919606031519554e-10,3.8668297553226396e-10,0.09792006516179708,1.0352832697893745e-13,1.5307156027789037e-13,1.7797649414642097e-13,4.5294076440773686e-10
0.9020799509002027,2.583076078790374e-10,3.8520940482518245e-10,0.0979200480047799,1.0343898586823846e-13,1.5292473425063897e-13,1.7779094227025475e-13,4.510660353436959e-10
0.9020799682272858,2.574184443361888e-10,3.837402159292887e-10,0.09792003068191917,1.0334852366969537e-13,1.5277657899725044e-13,1.776042075135062e-13,4.492026615187816e-10
0.9020799857194264,2.5652871017241425e-10,3.8227544017059814e-10,0.09792001319398637,1.0325695297286911e-13,1.5262710920523847e-13,1.7741629994351875e-13,4.47349814348935e-10
0.9020800033758596,2.5563854099718946e-10,3.808151121798698e-10,0.09791999554174631,1.0316428636754404e-13,1.5247633943318453e-13,1.772272297917056e-13,4.4550755277615595e-10
0.9020800211958274,2.547480677509538e-10,3.7935926689186717e-10,0.09791997772595712,1.0307053643536182e-13,1.5232428411814527e-13,1.7703700732261592e-13,4.436758269379668e-10
0.9020800391785783,2.5385741649208587e-10,3.7790792322621426e-10,0.09791995974737025,1.02975715740813e-13,1.5217095754585973e-13,1.768456420934555e-13,4.418539396688975e-10
0.9020800573233674,2.529667091773935e-10,3.764611231141603e-10,0.09791994160673052,1.0287983682495976e-13,1.5201637390954944e-13,1.766531447135863e-13,4.4004272720469354e-10
0.9020800756294566,2.5207606320561113e-10,3.7501888374335627e-10,0.09791992330477614,1.0278291219762522e-13,1.5186054725901757e-13,1.7645952469937785e-13,4.382411657796108e-10
0.9020800940961142,2.5118559184385087e-10,3.7358123180826435e-10,0.0979199048422387,1.0268495433108453e-13,1.5170349152839416e-13,1.7626479200591875e-13,4.3644955666253533e-10
0.9020801127226153,2.5029540427638887e-10,3.721481892352406e-10,0.0979198862198432,1.0258597565393352e-13,1.515452205305944e-13,1.7606895638986825e-13,4.346676530715347e-10
0.9020801315082414,2.4940560572748615e-10,3.7071977619561654e-10,0.0979198674383081,1.0248598854538187e-13,1.5138574795857719e-13,1.7587202754244338e-13,4.3289532323658673e-10
0.9020801504522806,2.485162976497148e-10,3.6929601390082657e-10,0.09791984849834534,1.0238500533017946e-13,1.5122508739267144e-13,1.7567401521576735e-13,4.311325474778237e-10
0.9020801695540275,2.476275776283708e-10,3.67876913656581e-10,0.09791982940066034,1.0228303827320156e-13,1.5106325228289474e-13,1.7547492872755927e-13,4.293788741993899e-10
0.9020801888127831,2.467395396486976e-10,3.664624910857681e-10,0.09791981014595204,1.0218009957493051e-13,1.509002559637096e-13,1.7527477759758277e-13,4.2763440465837526e-10
0.9020802082278548,2.4585227434332575e-10,3.6505276577784633e-10,0.09791979073491296,1.0207620136773815e-13,1.507361116673095e-13,1.7507357153752914e-13,4.258992380114857e-10
0.9020802277985568,2.449658689481049e-10,3.636477501339948e-10,0.09791977116822918,1.0197135571196224e-13,1.5057083251125332e-13,1.7487131994944584e-13,4.241730384810276e-10
0.9020802475242092,2.4408040740876596e-10,3.6224745527274564e-10,0.09791975144658041,1.0186557459229722e-13,1.5040443149969422e-13,1.746680321868054e-13,4.224556955301367e-10
0.9020802674041388,2.4319597027978054e-10,3.6085188296791737e-10,0.09791973157064002,1.017588699137933e-13,1.5023692150635024e-13,1.7446371718754634e-13,4.207467769704675e-10
0.9020802874376785,2.423126351903756e-10,3.5946104796053413e-10,0.09791971154107504,1.0165125349938964e-13,1.500683153080532e-13,1.7425838447774905e-13,4.1904672747650457e-10
0.9020803076241676,2.414304767885958e-10,3.580749580300869e-10,0.09791969135854625,1.0154273708717358e-13,1.4989862557224946e-13,1.7405204328167e-13,4.173552232854877e-10
0.9020803279629515,2.405495668363835e-10,3.5669361988851284e-10,0.09791967102370819,1.0143333232788858e-13,1.4972786485809506e-13,1.7384470278210792e-13,4.156721654561302e-10
0.9020803484533818,2.3966997423370743e-10,3.553170365226794e-10,0.09791965053720916,1.0132305078244794e-13,1.4955604561146035e-13,1.7363637199900806e-13,4.1399734948218613e-10
0.9020803690948166,2.3879176532119383e-10,3.539452182703652e-10,0.09791962989969134,1.0121190392039397e-13,1.493831801848754e-13,1.7342706028852442e-13,4.1233100906676957e-10
0.9020803898866198,2.3791500367792614e-10,3.52578163305005e-10,0.09791960911179076,1.0109990311757552e-13,1.492092808129048e-13,1.7321677646576208e-13,4.1067261464068e-10
0.9020804108281614,2.370397504958839e-10,3.512158801595368e-10,0.09791958817413736,1.0098705965501503e-13,1.490343596388586e-13,1.730055298137004e-13,4.090225158367593e-10
0.9020804319188176,2.3616606457778527e-10,3.4985837340948514e-10,0.09791956708735505,1.0087338471765928e-13,1.488584287083596e-13,1.727933294453409e-13,4.0738051255883726e-10
0.9020804531579705,2.352940021367425e-10,3.485056358154267e-10,0.09791954585206174,1.0075888939235759e-13,1.4868149994547574e-13,1.7258018394292133e-13,4.057460851271057e-10
0.9020804745450082,2.3442361717191043e-10,3.471576708242609e-10,0.09791952446886935,1.0064358466703475e-13,1.485035851800932e-13,1.7236610236565473e-13,4.041195926817504e-10
0.9020804960793247,2.3355496146695953e-10,3.458144782312932e-10,0.09791950293838395,1.0052748142975108e-13,1.4832469614209259e-13,1.721510936114153e-13,4.0250084426945615e-10
0.9020805177603199,2.3268808473147807e-10,3.4447605984193536e-10,0.09791948126120564,1.0041059046813781e-13,1.481448444683784e-13,1.7193516666948706e-13,4.0088987023017426e-10
0.9020805395873995,2.3182303445910293e-10,3.4314240847522e-10,0.09791945943792879,1.002929224682471e-13,1.4796404168496677e-13,1.7171833012413794e-13,3.9928626723852034e-10
0.902080561559975,2.309598562174816e-10,3.4181352484684934e-10,0.09791943746914192,1.0017448801429192e-13,1.4778229922750254e-13,1.715005929100715e-13,3.976902913845653e-10
0.9020805836774635,2.3009859363810214e-10,3.404894061455003e-10,0.09791941535542782,1.0005529758823868e-13,1.4759962843539242e-13,1.712819638032926e-13,3.961017594169594e-10
0.9020806059392881,2.2923928854925672e-10,3.391700516885971e-10,0.09791939309736361,9.993536156974244e-14,1.4741604055878587e-13,1.7106245167344606e-13,3.945207091173287e-10
0.9020806283448772,2.2838198075761092e-10,3.378554492124694e-10,0.09791937069552073,9.981469023523669e-14,1.4723154673456373e-13,1.7084206486465975e-13,3.92946636106206e-10
0.9020806508936652,2.275267085428907e-10,3.3654560277843013e-10,0.09791934815046506,9.969329375860521e-14,1.4704615802565074e-13,1.7062081244713357e-13,3.9138013080056066e-10
0.9020806735850916,2.2667350841867321e-10,3.3524050449134043e-10,0.09791932546275689,9.957118221091826e-14,1.4685988539554307e-13,1.7039870295369e-13,3.8982068651862885e-10
0.9020806964186018,2.258224152662308e-10,3.3394014889546654e-10,0.09791930263295101,9.944836556052318e-14,1.4667273971597085e-13,1.701757450184225e-13,3.8826835031089613e-10
0.9020807193936464,2.2497346245807775e-10,3.3264453278349385e-10,0.09791927966159676,9.932485367344482e-14,1.4648473177382349e-13,1.6995194737054827e-13,3.8672316794074875e-10
0.9020807425096816,2.2412668163037084e-10,3.313536414812292e-10,0.09791925654923805,9.920065631291034e-14,1.4629587224710375e-13,1.6972731821540867e-13,3.851846427449665e-10
0.9020807657661689,2.2328210310034508e-10,3.3006747404075463e-10,0.09791923329641344,9.907578314019666e-14,1.4610617173810626e-13,1.6950186636239093e-13,3.836532643558328e-10
0.9020807891625751,2.224397558995055e-10,3.2878602869017207e-10,0.09791920990365617,9.895024371546569e-14,1.4591564077280725e-13,1.6927560058109725e-13,3.8212896892771565e-10
0.9020808126983721,2.2159966746505992e-10,3.275092893437598e-10,0.0979191863714942,9.882404749744594e-14,1.4572428977009146e-13,1.6904852898928195e-13,3.806111529622638e-10
0.9020808363730374,2.207618639849752e-10,3.2623725100413244e-10,0.09791916270045027,9.869720384419751e-14,1.455321290689022e-13,1.6882066018656219e-13,3.7910020189270864e-10
0.9020808601860534,2.1992637029831451e-10,3.24969902698014e-10,0.09791913889104194,9.856972201343184e-14,1.4533916891621005e-13,1.685920024940325e-13,3.775958419361568e-10
0.9020808841369077,2.190932100153828e-10,3.237072360254294e-10,0.09791911494378165,9.844161116314255e-14,1.4514541947452583e-13,1.683625643341844e-13,3.7609813064469327e-10
0.9020809082250929,2.182624056963258e-10,3.2244924767106417e-10,0.09791909085917677,9.831288035273374e-14,1.4495089083473978e-13,1.6813235434708653e-13,3.7460723218796213e-10
0.9020809324501068,2.174339786712208e-10,3.211959254864985e-10,0.09791906663772963,9.818353854342943e-14,1.4475559299737117e-13,1.6790138076589695e-13,3.7312276533779224e-10
0.9020809568114521,2.166079492251999e-10,3.1994726266439845e-10,0.09791904227993758,9.805359459921624e-14,1.445595358861813e-13,1.676696520479141e-13,3.716448993484325e-10
0.9020809813086363,2.1578433649267648e-10,3.1870324651073364e-10,0.09791901778629304,9.792305728732778e-14,1.4436272933618219e-13,1.6743717637221595e-13,3.7017336610872676e-10
0.9020810059411721,2.1496315850319434e-10,3.174638642819183e-10,0.09791899315728353,9.779193527879813e-14,1.4416518309511824e-13,1.6720396189671667e-13,3.687081204108567e-10
0.9020810307085767,2.1414443236197475e-10,3.1622910859716865e-10,0.09791896839339174,9.766023714953487e-14,1.4396690683697438e-13,1.669700170025142e-13,3.672493343722905e-10
0.9020810556103723,2.1332817413974487e-10,3.1499896621036215e-10,0.09791894349509557,9.752797138092119e-14,1.437679101498963e-13,1.6673534979170674e-13,3.6579674265778406e-10
0.9020810806460858,2.1251439925599426e-10,3.1377343738557647e-10,0.09791891846286818,9.739514636161854e-14,1.435682025678367e-13,1.6649996895654838e-13,3.643508439756633e-10
0.9020811058152488,2.1170312186498394e-10,3.1255249699846166e-10,0.09791889329717803,9.726177038718985e-14,1.433677935141554e-13,1.662638820354233e-13,3.6291060914468307e-10
0.9020811311173974,2.1089435540665602e-10,3.113361397045951e-10,0.09791886799848892,9.712785166152539e-14,1.4316669234815658e-13,1.6602709742596897e-13,3.614767660534515e-10
0.9020811565520725,2.1008811255189187e-10,3.1012435683148636e-10,0.09791884256726008,9.699339829797866e-14,1.4296490835830742e-13,1.6578962336227493e-13,3.6004915830157325e-10
0.9020811821188196,2.0928440501935417e-10,3.0891713120074193e-10,0.09791881700394615,9.685841831979584e-14,1.4276245074414902e-13,1.6555146767670988e-13,3.5862741671030634e-10
0.9020812078171885,2.0848324396196838e-10,3.0771445940541935e-10,0.0979187913089973,9.672291966177285e-14,1.4255932864860378e-13,1.6531263879673123e-13,3.572120468900302e-10
0.9020812336467334,2.0768463962889464e-10,3.0651632372506043e-10,0.09791876548285922,9.65869101706723e-14,1.423555511264047e-13,1.6507314449082778e-13,3.558024592778586e-10
0.9020812596070134,2.068886014775134e-10,3.053227094111576e-10,0.09791873952597317,9.645039760595425e-14,1.4215112715226284e-13,1.6483299263305278e-13,3.5439872810929364e-10
0.9020812856975913,2.0609513834360438e-10,3.0413360717495587e-10,0.09791871343877608,9.631338964100472e-14,1.4194606563427833e-13,1.6459219131833244e-13,3.530010336587525e-10
0.9020813119180346,2.0530425825280614e-10,3.029489992476781e-10,0.09791868722170052,9.617589386364563e-14,1.417403753957524e-13,1.6435074823850488e-13,3.516090102480117e-10
0.9020813382679153,2.0451596900690484e-10,3.017688897806795e-10,0.09791866087517483,9.603791777854488e-14,1.415340652255014e-13,1.641086720454398e-13,3.50223491618875e-10
0.9020813647468091,2.037302773392168e-10,3.0059324909053797e-10,0.09791863439962308,9.589946880667412e-14,1.413271438019479e-13,1.6386596985728423e-13,3.4884312586139655e-10
0.9020813913542962,2.0294718953321797e-10,2.9942207027659245e-10,0.09791860779546516,9.576055428681776e-14,1.4111961974629138e-13,1.636226497767273e-13,3.4746875907460446e-10
0.902081418089961,2.0216671135897282e-10,2.9825534318920626e-10,0.09791858106311684,9.562118147677674e-14,1.4091150161565954e-13,1.6337871974079577e-13,3.4610024182465394e-10
0.9020814449533917,2.0138884794975725e-10,2.9709305195658143e-10,0.09791855420298978,9.548135755408073e-14,1.4070279789100632e-13,1.63134187405169e-13,3.447373199303504e-10
0.9020814719441809,2.0061360396751225e-10,2.9593518623081525e-10,0.0979185272154916,9.534108961719364e-14,1.4049351699053458e-13,1.628890606450198e-13,3.433801781703756e-10
0.9020814990619248,1.9984098340969455e-10,2.94781727245061e-10,0.09791850010102592,9.520038468599712e-14,1.4028366725153915e-13,1.6264334693152426e-13,3.420284552300981e-10
0.9020815263062241,1.9907098984943662e-10,2.936326646720078e-10,0.09791847285999236,9.505924970302805e-14,1.400732569505003e-13,1.6239705408286347e-13,3.406824478544425e-10
0.9020815536766829,1.9830362630869694e-10,2.9248798246906846e-10,0.09791844549278667,9.49176915342167e-14,1.3986229429088783e-13,1.6215018963458786e-13,3.3934190389390685e-10
0.9020815811729094,1.9753889542039114e-10,2.9134767012474343e-10,0.09791841799980067,9.477571697011089e-14,1.3965078741648476e-13,1.6190276134027234e-13,3.380070101026423e-10
0.9020816087945157,1.9677679936871618e-10,2.9021171413154697e-10,0.0979183903814224,9.463333272682817e-14,1.3943874440522435e-13,1.6165477679266344e-13,3.3667762357684386e-10
0.9020816365411176,1.9601733997406096e-10,2.890801036190678e-10,0.09791836263803609,9.449054544723035e-14,1.392261732758149e-13,1.6140624367406672e-13,3.3535382115401616e-10
0.9020816644123347,1.9526051849627123e-10,2.87952819330268e-10,0.09791833477002221,9.434736170137306e-14,1.3901308196956483e-13,1.6115716926175073e-13,3.34035244509282e-10
0.9020816924077902,1.9450633587133807e-10,2.8682985047866097e-10,0.09791830677775754,9.420378798770531e-14,1.387994783704312e-13,1.609075611784484e-13,3.327221932890695e-10
0.9020817205271111,1.937547926495141e-10,2.857111833000094e-10,0.09791827866161516,9.405983073399507e-14,1.3858537029883405e-13,1.6065742688526803e-13,3.3141452640513077e-10
0.9020817487699279,1.930058889414348e-10,2.845968012691747e-10,0.0979182504219646,9.391549629801921e-14,1.383707655061877e-13,1.6040677368781417e-13,3.301121059679994e-10
0.9020817771358747,1.922596246448311e-10,2.8348669613238904e-10,0.09791822205917174,9.377079096896364e-14,1.381556716942076e-13,1.601556092301451e-13,3.288152301201634e-10
0.9020818056245893,1.9151599916847299e-10,2.8238084835056616e-10,0.09791819357359893,9.362572096783051e-14,1.379400964899665e-13,1.5990394062214554e-13,3.275234316324246e-10
0.9020818342357128,1.907750117347831e-10,2.8127924958385655e-10,0.09791816496560504,9.348029244882131e-14,1.3772404747193716e-13,1.5965177544003618e-13,3.262371204532938e-10
0.9020818629688898,1.9003666110287214e-10,2.8018188021418214e-10,0.09791813623554547,9.333451149972654e-14,1.3750753214504113e-13,1.593991207256002e-13,3.2495583011520544e-10
0.9020818918237685,1.8930094580194778e-10,2.7908872912176884e-10,0.09791810738377218,9.31883841430627e-14,1.372905579606436e-13,1.5914598386446425e-13,3.2367986306197655e-10
0.9020819208000004,1.8856786420291227e-10,2.7799978765125815e-10,0.09791807841063378,9.304191633738904e-14,1.370731323223915e-13,1.5889237232344645e-13,3.2240929741322565e-10
0.9020819498972401,1.8783741417255532e-10,2.7691503318636827e-10,0.0979180493164755,9.289511397740702e-14,1.3685526255529271e-13,1.5863829291303066e-13,3.211435596553743e-10
0.9020819791151459,1.871095933142061e-10,2.758344518299766e-10,0.09791802010163929,9.27479828948441e-14,1.3663695592640107e-13,1.5838375279318145e-13,3.198829560364094e-10
0.9020820084533789,1.8638439904588104e-10,2.747580323545275e-10,0.09791799076646382,9.260052885955094e-14,1.3641821965128148e-13,1.5812875921034978e-13,3.1862756831760815e-10
0.902082037911604,1.8566182867035366e-10,2.736857660086743e-10,0.09791796131128452,9.245275758077785e-14,1.361990608998218e-13,1.5787331949149352e-13,3.17377475943328e-10
0.9020820674894888,1.8494187902787145e-10,2.726176300914914e-10,0.09791793173643366,9.230467470723349e-14,1.3597948676530238e-13,1.5761744030689796e-13,3.1613210668862847e-10
0.9020820971867044,1.8422454680370785e-10,2.715536133398797e-10,0.09791790204224031,9.215628582815503e-14,1.3575950429107353e-13,1.5736112879749611e-13,3.148918763002226e-10
0.9020821270029248,1.8350982846050184e-10,2.704937015579889e-10,0.09791787222903045,9.200759647410131e-14,1.355391204642943e-13,1.5710439194042083e-13,3.136566486267447e-10
0.9020821569378271,1.8279772011046856e-10,2.694378751246023e-10,0.09791784229712698,9.185861211728006e-14,1.3531834220436458e-13,1.5684723643329598e-13,3.124261823343027e-10
0.9020821869910916,1.8208821788114483e-10,2.683861283443321e-10,0.09791781224684973,9.170933817307115e-14,1.3509717639481709e-13,1.5658966955902717e-13,3.1120099936676287e-10
0.9020822171624013,1.8138131769398983e-10,2.6733844677269094e-10,0.09791778207851552,9.155978000074562e-14,1.3487562986363664e-13,1.56331698180588e-13,3.0998074251196966e-10
0.9020822474514426,1.806770150681729e-10,2.662948078551315e-10,0.09791775179243822,9.140994290349566e-14,1.3465370936573282e-13,1.5607332875980338e-13,3.0876506314390276e-10
0.9020822778579046,1.7997530563061942e-10,2.652552085973341e-10,0.09791772138892874,9.125983213015373e-14,1.3443142162756705e-13,1.5581456859323466e-13,3.0755470326237334e-10
0.9020823083814793,1.7927618468101753e-10,2.6421962894122546e-10,0.09791769086829508,9.110945287539076e-14,1.3420877330874857e-13,1.5555542418598322e-13,3.0634897904602546e-10
0.9020823390218616,1.7857964735266186e-10,2.6318805467204136e-10,0.09791766023084236,9.095881028043529e-14,1.3398577101596019e-13,1.5529590226302263e-13,3.0514808925450497e-10
0.9020823697787493,1.7788568861936972e-10,2.621604715791739e-10,0.09791762947687288,9.080790943378195e-14,1.3376242130339806e-13,1.5503600951289017e-13,3.0395201084055253e-10
0.902082400651843,1.7719430330215894e-10,2.611368654579426e-10,0.09791759860668613,9.065675537188896e-14,1.335387306732068e-13,1.5477575258761012e-13,3.027607209886565e-10
0.9020824316408459,1.765054860756953e-10,2.6011722211129435e-10,0.09791756762057881,9.050535307986494e-14,1.3331470557590953e-13,1.5451513810262294e-13,3.015741971092934e-10
0.9020824627454642,1.7581923147451725e-10,2.591015273514365e-10,0.09791753651884488,9.035370749214508e-14,1.3309035241083346e-13,1.542541726367199e-13,3.003924168333892e-10
0.9020824939654066,1.7513553389904524e-10,2.580897670014036e-10,0.09791750530177562,9.020182349315661e-14,1.3286567752653073e-13,1.5399286273198362e-13,2.9921535800693306e-10
0.9020825253003847,1.744543876897103e-10,2.570819296043175e-10,0.09791747396965961,9.004970591820122e-14,1.326406872272101e-13,1.537312150154753e-13,2.980431069307569e-10
0.9020825567501124,1.737757868514711e-10,2.560779926887512e-10,0.09791744252278277,8.989735955338328e-14,1.3241538774843668e-13,1.5346923558468964e-13,2.9687520624296207e-10
0.9020825883143064,1.7309972542485994e-10,2.550779479434158e-10,0.09791741096142845,8.97447891367712e-14,1.3218978528962825e-13,1.5320693112677938e-13,2.9571218368369603e-10
0.9020826199926862,1.7242619733758405e-10,2.540817812337465e-10,0.09791737928587738,8.959199935901733e-14,1.3196388600099638e-13,1.5294430803606163e-13,2.945537958728915e-10
0.9020826517849736,1.7175519640962134e-10,2.5308947844408186e-10,0.09791734749640775,8.94389948639682e-14,1.3173769598395077e-13,1.526813726699643e-13,2.9340002166518625e-10
0.9020826836908928,1.7108671642646324e-10,2.5210102818655744e-10,0.09791731559329524,8.92857802494923e-14,1.3151122129751107e-13,1.5241813147067429e-13,2.9225094834596085e-10
0.902082715710171,1.7042075099942769e-10,2.5111641348163105e-10,0.09791728357681301,8.913236006780951e-14,1.3128446794602621e-13,1.5215459059426665e-13,2.9110633600451314e-10
0.9020827478425372,1.6975729351036098e-10,2.501356148757878e-10,0.09791725144723178,8.897873882562195e-14,1.3105744187426637e-13,1.518907560444498e-13,2.8996605856449097e-10
0.9020827800877232,1.6909633760983584e-10,2.4915863228654176e-10,0.09791721920481983,8.882492098589392e-14,1.3083014901117933e-13,1.516266346510769e-13,2.8883085859140187e-10
0.9020828124454634,1.6843787663450743e-10,2.481854429774494e-10,0.09791718684984303,8.867091096762581e-14,1.306025952188049e-13,1.5136223220396131e-13,2.876998363943113e-10
0.9020828449154941,1.677819036366448e-10,2.472160248731704e-10,0.0979171543825649,8.851671314573366e-14,1.303747862947977e-13,1.5109755447470547e-13,2.86572980197893e-10
0.9020828774975542,1.6712841195792766e-10,2.4625037817624955e-10,0.09791712180324658,8.836233185283845e-14,1.301467280228111e-13,1.508326081881853e-13,2.8545114394607033e-10
0.9020829101913851,1.6647739464563955e-10,2.452884804227406e-10,0.09791708911214689,8.820777137904647e-14,1.2991842612134676e-13,1.5056739902910799e-13,2.8433342830179305e-10
0.9020829429967301,1.6582884475441774e-10,2.4433032062931074e-10,0.09791705630952237,8.805303597273996e-14,1.2968988627023329e-13,1.5030193314988827e-13,2.832202548210262e-10
0.9020829759133351,1.6518275534131159e-10,2.433758876286882e-10,0.0979170233956273,8.789812984132058e-14,1.2946111411026753e-13,1.5003621665971545e-13,2.8211160126585715e-10
0.9020830089409481,1.6453911939312407e-10,2.4242516737808034e-10,0.09791699037071372,8.774305715168315e-14,1.2923211523691406e-13,1.497702555034675e-13,2.810073374369288e-10
0.9020830420793192,1.6389792962543044e-10,2.414781377559615e-10,0.09791695723503145,8.75878220300036e-14,1.2900289518270245e-13,1.4950405522490743e-13,2.799071195600453e-10
0.902083075328201,1.6325917885136537e-10,2.4053479081563543e-10,0.09791692398882812,8.74324285627599e-14,1.2877345944960947e-13,1.4923762195643636e-13,2.7881147788421046e-10
0.9020831086873479,1.6262285976271543e-10,2.395951100934608e-10,0.09791689063234922,8.72768807969871e-14,1.2854381348995286e-13,1.4897096141651625e-13,2.777200632384867e-10
0.9020831421565165,1.6198896507733698e-10,2.386590847710162e-10,0.09791685716583809,8.712118274101254e-14,1.2831396271939133e-13,1.4870407953564687e-13,2.7663307601128553e-10
0.9020831757354658,1.6135748753358273e-10,2.3772670385126447e-10,0.09791682358953596,8.696533836514513e-14,1.2808391251654948e-13,1.4843698220132826e-13,2.755504948235752e-10
0.9020832094239567,1.6072841974870355e-10,2.3679795075894754e-10,0.09791678990368198,8.68093516018692e-14,1.2785366821070142e-13,1.4816967501558943e-13,2.744720820723234e-10
0.902083243221752,1.6010175423002953e-10,2.358728091654431e-10,0.09791675610851325,8.665322634606898e-14,1.2762323508281835e-13,1.4790216355005933e-13,2.733978221852145e-10
0.9020832771286168,1.5947748359029754e-10,2.349512710971064e-10,0.09791672220426482,8.649696645596032e-14,1.273926183845484e-13,1.476344537099387e-13,2.723280243171748e-10
0.9020833111443181,1.5885560039724628e-10,2.3403332279078576e-10,0.09791668819116976,8.634057575348893e-14,1.2716182332517376e-13,1.4736655110891218e-13,2.7126244846822566e-10
0.9020833452686248,1.5823609710841172e-10,2.3311894782630304e-10,0.09791665406945911,8.618405802449858e-14,1.2693085506599605e-13,1.4709846120317058e-13,2.702009685516907e-10
0.9020833795013078,1.5761896608187974e-10,2.3220813003082146e-10,0.09791661983936198,8.602741701893005e-14,1.2669971872136263e-13,1.4683018941869385e-13,2.691435694806038e-10
0.9020834138421401,1.5700419972287614e-10,2.3130085887943517e-10,0.09791658550110553,8.587065645150029e-14,1.2646841937161935e-13,1.465617413936883e-13,2.6809045264176676e-10
0.9020834482908964,1.5639179047739687e-10,2.3039712367125285e-10,0.09791655105491501,8.571378000233614e-14,1.2623696206270046e-13,1.4629312272378612e-13,2.6704159763643054e-10
0.9020834828473534,1.5578173055319056e-10,2.29496902714198e-10,0.09791651650101375,8.55567913166603e-14,1.2600535178179182e-13,1.460243384770303e-13,2.6599655133433693e-10
0.9020835175112897,1.5517401235571556e-10,2.2860019120642998e-10,0.09791648183962325,8.539969400593698e-14,1.25773593495628e-13,1.4575539443141486e-13,2.6495595386403396e-10
0.9020835522824857,1.545686282603381e-10,2.2770697563913328e-10,0.09791644707096311,8.524249164822038e-14,1.2554169213072126e-13,1.4548629594645912e-13,2.639194550158354e-10
0.9020835871607237,1.5396557047826327e-10,2.2681723714158993e-10,0.09791641219525116,8.50851877880476e-14,1.2530965256173261e-13,1.4521704810343768e-13,2.6288682125630197e-10
0.9020836221457875,1.5336483121119788e-10,2.2593096270597217e-10,0.09791637721270338,8.492778593685054e-14,1.250774796251163e-13,1.4494765620243728e-13,2.6185825741545874e-10
0.9020836572374632,1.5276640265233067e-10,2.2504813934787148e-10,0.09791634212353399,8.477028957335745e-14,1.2484517811934053e-13,1.4467812550727734e-13,2.6083374639178877e-10
0.9020836924355383,1.521702771922894e-10,2.241687622309853e-10,0.09791630692795544,8.461270214466426e-14,1.246127528230952e-13,1.4440846160957373e-13,2.598135959295198e-10
0.9020837277398022,1.5157644705514912e-10,2.2329281241448488e-10,0.09791627162617843,8.445502706606107e-14,1.2438020846360147e-13,1.4413866944096962e-13,2.587972399936402e-10
0.9020837631500458,1.509849044536343e-10,2.2242027683792488e-10,0.09791623621841195,8.429726772138244e-14,1.2414754973031265e-13,1.4386875415266332e-13,2.577848839636649e-10
0.9020837986660619,1.5039564152225703e-10,2.215511397727386e-10,0.09791620070486327,8.413942746312516e-14,1.239147812691974e-13,1.435987207391239e-13,2.5677640302758796e-10
0.9020838342876449,1.4980865046315759e-10,2.206853911430415e-10,0.09791616508573801,8.398150961304755e-14,1.2368190769564635e-13,1.4332857440781637e-13,2.5577199984760216e-10
0.9020838700145911,1.4922392360733617e-10,2.198230234091977e-10,0.0979161293612401,8.382351746295141e-14,1.234489336000231e-13,1.4305832044598593e-13,2.54771763524102e-10
0.9020839058466981,1.4864145292217628e-10,2.1896400972403374e-10,0.09791609353157182,8.366545427380545e-14,1.2321586350470313e-13,1.427879632454438e-13,2.5377491478277303e-10
0.9020839417837652,1.4806123066793253e-10,2.1810834866674667e-10,0.09791605759693386,8.350732327707972e-14,1.2298270192162666e-13,1.4251750828396251e-13,2.5278242511267847e-10
0.9020839778255934,1.4748324895578055e-10,2.1725602177736323e-10,0.0979160215575253,8.33491276745679e-14,1.22749453313834e-13,1.4224696025255266e-13,2.517936179866816e-10
