c1,c2,c3,i1,i2,i3,i4,o
0.9020791813004244,3.048586522626875e-10,4.944748172755191e-10,0.09792081722217778,1.0656847850264968e-13,1.591173796298119e-13,1.8736014032137855e-13,6.77611141622266e-10
0.9020791819313543,3.048555672946887e-10,4.943528714502437e-10,0.09792081659624793,1.0656826243575016e-13,1.5911677626633783e-13,1.8735406171446347e-13,6.727362203464085e-10
0.9020791831819513,3.0484667075281955e-10,4.941178652193701e-10,0.09792081535065074,1.0656781328819064e-13,1.591153250136554e-13,1.8734218714981888e-13,6.679803143375783e-10
0.9020791850370511,3.048295557024999e-10,4.937780401834462e-10,0.09792081350055051,1.0656710930611128e-13,1.5911281328357776e-13,1.8732478546843888e-13,6.633377238727741e-10
0.9020791874815987,3.0480210671613946e-10,4.933410445710552e-10,0.097920811061002,1.0656612246738785e-13,1.5910905333134728e-13,1.873021073175032e-13,6.588031967991455e-10
0.9020791905013179,3.0476247386489236e-10,4.928139690670776e-10,0.09792080804628125,1.0656481938933892e-13,1.591038794658831e-13,1.8727438573874883e-13,6.543714702631314e-10
0.9020791940827648,3.0470904902829417e-10,4.92203396181213e-10,0.09792080446983195,1.0656316230927004e-13,1.5909714582711016e-13,1.8724183784202862e-13,6.500379072005003e-10
0.9020791982133145,3.0464044398550197e-10,4.91515432394377e-10,0.09792080034427876,1.065611099699956e-13,1.5908872439206565e-13,1.8720466577272224e-13,6.457979273823351e-10
0.9020792028811334,3.0455547056344603e-10,4.907557541309233e-10,0.0979207956814549,1.0655861840567804e-13,1.5907850320189807e-13,1.8716305834960104e-13,6.416476441484701e-10
0.9020792080751423,3.0445312198806626e-10,4.899296232325846e-10,0.09792079049243944,1.065556416355982e-13,1.5906638472576624e-13,1.8711719134542277e-13,6.375827543864656e-10
0.9020792137849711,3.0433255604255444e-10,4.890419283178447e-10,0.09792078478760206,1.0655213227567406e-13,1.5905228441043154e-13,1.870672289724943e-13,6.335996215390986e-10
0.9020792200009105,3.0419307953946076e-10,4.880972095308009e-10,0.0979207785766519,1.0654804207511972e-13,1.5903612936589672e-13,1.8701332464470723e-13,6.296947088292549e-10
0.902079226713861,3.0403413407434803e-10,4.870996841417149e-10,0.09792077186868794,1.0654332238517951e-13,1.590178571794887e-13,1.8695562180072239e-13,6.258646767188446e-10
0.902079233915284,3.0385528296024624e-10,4.860532702346319e-10,0.09792076467224857,1.0653792456635874e-13,1.5899741484543715e-13,1.8689425466173876e-13,6.221063702917619e-10
0.9020792415971538,3.036561993182554e-10,4.849616113339156e-10,0.09792075699535914,1.0653180034036687e-13,1.5897475780460576e-13,1.868293490528212e-13,6.184169157591594e-10
0.9020792497519131,3.0343665488908023e-10,4.838280856590639e-10,0.09792074884557661,1.0652490209137148e-13,1.5894984905278746e-13,1.867610225402337e-13,6.147931656657625e-10
0.9020792583724317,3.031965102696926e-10,4.826558444558149e-10,0.09792074023003085,1.0651718312344081e-13,1.5892265837879584e-13,1.8668938590894786e-13,6.112328901101864e-10
0.9020792674519685,3.0293570562561385e-10,4.814478150104421e-10,0.09792073115546263,1.0650859787759257e-13,1.5889316164563814e-13,1.866145430574204e-13,6.077334494472836e-10
0.9020792769841369,3.0265425205808564e-10,4.802067115397317e-10,0.0979207216282583,1.0649910211235213e-13,1.5886134012953265e-13,1.8653659125380414e-13,6.042921239355539e-10
0.902079286962873,3.0235222392031944e-10,4.789350588016303e-10,0.09792071165448128,1.0648865305256086e-13,1.5882717994213118e-13,1.8645562198446968e-13,6.009066518847097e-10
0.9020792973824073,3.0202975206835144e-10,4.776352166715926e-10,0.09792070123990072,1.0647720951092474e-13,1.5879067153390943e-13,1.8637172187009743e-13,5.975753219241869e-10
0.9020793082372389,3.0168701727930787e-10,4.763093758312945e-10,0.09792069039001733,1.0646473198399673e-13,1.5875180920938348e-13,1.8628497228354287e-13,5.942958728557426e-10
0.9020793195221116,3.013242443843377e-10,4.749595754161783e-10,0.09792067911008685,1.0645118272605475e-13,1.587105907026035e-13,1.8619544996738791e-13,5.910663693291285e-10
0.9020793312319931,3.009416967808342e-10,4.735877085312372e-10,0.09792066740514126,1.0643652580304513e-13,1.5866701678252319e-13,1.8610322711446977e-13,5.878847570930362e-10
0.902079343362056,3.005396719812241e-10,4.721955544293818e-10,0.09792065528000783,1.064207271308834e-13,1.5862109094679432e-13,1.8600837267364553e-13,5.847499449308222e-10
0.9020793559076598,3.0011849672991224e-10,4.707847541788641e-10,0.0979206427393265,1.0640375449725023e-13,1.5857281907246328e-13,1.8591095110555257e-13,5.816596129525424e-10
0.9020793688643362,2.996785231170843e-10,4.693568422486186e-10,0.09792062978756542,1.063855775708754e-13,1.585222091510747e-13,1.8581102366856458e-13,5.786124049254405e-10
0.9020793822277743,2.9922012483869607e-10,4.679132459989282e-10,0.09792061642903502,1.0636616789925662e-13,1.5846927103214162e-13,1.8570864827215152e-13,5.756067109242499e-10
0.9020793959938086,2.987436940757154e-10,4.66455304156373e-10,0.0979206026679007,1.0634549889731354e-13,1.5841401621721182e-13,1.8560388019722375e-13,5.72641428829658e-10
0.9020794101584068,2.982496381815607e-10,4.649842541515577e-10,0.09792058850819435,1.0632354582663056e-13,1.5835645763211096e-13,1.8549677141484963e-13,5.697147588100609e-10
0.90207942471766,2.977383772336513e-10,4.635012609908386e-10,0.09792057395382457,1.0630028576851779e-13,1.5829660947164645e-13,1.8538737178784506e-13,5.668258420232786e-10
0.9020794396677734,2.97210341335623e-10,4.620074034044854e-10,0.09792055900858604,1.0627569759022737e-13,1.582344870175288e-13,1.8527572835433343e-13,5.639731116682454e-10
0.9020794550050575,2.966659684574026e-10,4.6050369078628145e-10,0.09792054367616788,1.0624976190634346e-13,1.5817010649978177e-13,1.85161886001633e-13,5.611554993212267e-10
0.9020794707259209,2.9610570234997085e-10,4.5899106265037256e-10,0.09792052796016124,1.0622246103571922e-13,1.5810348496048647e-13,1.8504588736174003e-13,5.583717713359503e-10
0.9020794868268633,2.9552999080602833e-10,4.5747039895724624e-10,0.09792051186406606,1.0619377895523325e-13,1.580346401441646e-13,1.8492777320234021e-13,5.556209642796953e-10
0.9020795033044697,2.949392840967497e-10,4.559425242711045e-10,0.09792049539129728,1.0616370125101484e-13,1.5796359039984165e-13,1.8480758254845272e-13,5.529021602539669e-10
0.9020795201554044,2.943340334331158e-10,4.5440820619853404e-10,0.09792047854519036,1.0613221506725131e-13,1.5789035458143872e-13,1.8468535254866394e-13,5.502142679347755e-10
0.902079537376406,2.9371468972700245e-10,4.528681647721883e-10,0.09792046132900625,1.060993090536144e-13,1.5781495197115248e-13,1.8456111883873477e-13,5.475564585217604e-10
0.9020795549642835,2.930817022808906e-10,4.513230676127693e-10,0.09792044374593598,1.0606497331105268e-13,1.5773740219295136e-13,1.8443491526847313e-13,5.449276168017882e-10
0.9020795729159115,2.924355177596773e-10,4.497735389833924e-10,0.09792042579910462,1.0602919933689869e-13,1.5765772514779117e-13,1.843067742562256e-13,5.423268882773114e-10
0.9020795912282268,2.9177657941643655e-10,4.482201681858642e-10,0.09792040749157511,1.0599197997010906e-13,1.5757594096825517e-13,1.8417672712372602e-13,5.397536716000098e-10
0.9020796098982252,2.911053261363826e-10,4.466635011004869e-10,0.09792038882635151,1.059533093359592e-13,1.5749206995403353e-13,1.840448036738679e-13,5.372069619253677e-10
0.9020796289229583,2.9042219186869846e-10,4.451040540063257e-10,0.097920369806382,1.0591318279146e-13,1.574061325390395e-13,1.8391103277285653e-13,5.346862259194342e-10
0.9020796482995309,2.897276048583913e-10,4.435423047349067e-10,0.09792035043456167,1.0587159687073899e-13,1.5731814923810067e-13,1.8377544191747796e-13,5.321905232888727e-10
0.9020796680250982,2.890219872493017e-10,4.41978706132962e-10,0.097920330713735,1.0582854923158113e-13,1.5722814062411361e-13,1.8363805780692052e-13,5.29719381993189e-10
0.902079688096864,2.8830575460843335e-10,4.4041368230055496e-10,0.0979203106466981,1.0578403860276815e-13,1.5713612729590132e-13,1.8349890614709371e-13,5.27272136456536e-10
0.9020797085120783,2.8757931531348305e-10,4.388476223983091e-10,0.09792029023620073,1.0573806473167633e-13,1.5704212983171844e-13,1.833580113408693e-13,5.248478234689192e-10
0.9020797292680357,2.8684307043557546e-10,4.372808992786739e-10,0.09792026948494827,1.0569062833374012e-13,1.569461687846574e-13,1.8321539729885917e-13,5.224461629919644e-10
0.9020797503620733,2.860974133794924e-10,4.357138596854168e-10,0.09792024839560332,1.0564173104285009e-13,1.5684826465468174e-13,1.8307108698029664e-13,5.200664582223808e-10
0.9020797717915696,2.853427296510534e-10,4.3414682870902184e-10,0.09792022697078731,1.0559137536303494e-13,1.5674843787017703e-13,1.8292510257035986e-13,5.177081466100518e-10
0.9020797935539427,2.845793967383355e-10,4.325801139207913e-10,0.09792020521308197,1.0553956462172049e-13,1.5664670877799036e-13,1.827774656479516e-13,5.153707959740781e-10
0.9020798156466493,2.838077838895758e-10,4.3101400108578925e-10,0.09792018312503054,1.0548630292412177e-13,1.5654309762282997e-13,1.8262819697631372e-13,5.130537760803623e-10
0.9020798380671832,2.830282518682777e-10,4.294487528992176e-10,0.09792016070913909,1.0543159510861372e-13,1.56437624523246e-13,1.8247731642623407e-13,5.107563713116928e-10
0.9020798608130742,2.8224115309882755e-10,4.278846240648667e-10,0.09792013796787756,1.0537544670432029e-13,1.5633030948095054e-13,1.8232484363854874e-13,5.084784317135456e-10
0.9020798838818874,2.814468315440609e-10,4.263218509086567e-10,0.09792011490368083,1.0531786388990775e-13,1.5622117236528817e-13,1.8217079754945376e-13,5.062193844415169e-10
0.9020799072712219,2.806456226182367e-10,4.247606525832365e-10,0.09792009151894963,1.0525885345362734e-13,1.5611023289978203e-13,1.8201519642962591e-13,5.03978676873158e-10
0.9020799309787102,2.79837853473478e-10,4.232012457270635e-10,0.09792006781605148,1.0519842275578474e-13,1.5599751068081892e-13,1.818580585338461e-13,5.01756316908722e-10
0.902079955002017,2.790238425926231e-10,4.216438174425042e-10,0.09792004379732142,1.0513657969119654e-13,1.558830251341174e-13,1.816994008799587e-13,4.995512352091536e-10
0.9020799793388388,2.782039000648511e-10,4.2008855169332613e-10,0.09792001946506289,1.0507333265389943e-13,1.5576679553077624e-13,1.8153924041583803e-13,4.973633680831555e-10
0.902080003986903,2.773783278527518e-10,4.185356294127161e-10,0.09791999482154838,1.0500869050397684e-13,1.5564884100195428e-13,1.8137759402563242e-13,4.951926580446423e-10
0.9020800289439674,2.7654741943612837e-10,4.1698520423677184e-10,0.09791996986902012,1.0494266253431767e-13,1.5552918049783663e-13,1.8121447743382285e-13,4.930380793749584e-10
0.9020800542078193,2.7571146026927765e-10,4.1543743416433056e-10,0.09791994460969067,1.048752584400163e-13,1.5540783281793216e-13,1.8104990661151425e-13,4.908998265819679e-10
0.902080079776275,2.748707275254663e-10,4.138924540507026e-10,0.09791991904574361,1.048064882879125e-13,1.5528481657794508e-13,1.8088389654269471e-13,4.88777010830593e-10
0.9020801056471794,2.7402549071161883e-10,4.123504096791302e-10,0.09791989317933401,1.0473636248916361e-13,1.5516015025311245e-13,1.8071646274315666e-13,4.866700678714518e-10
0.9020801318184053,2.7317601134686716e-10,4.1081142165924564e-10,0.097919867012589,1.046648917715906e-13,1.5503385213857336e-13,1.805476196462065e-13,4.845780190389115e-10
0.9020801582878529,2.7232254324458916e-10,4.0927560882153165e-10,0.09791984054760831,1.0459208715381406e-13,1.5490594036266735e-13,1.8037738163621225e-13,4.825007791683121e-10
0.9020801850534494,2.714653326470373e-10,4.0774308283302866e-10,0.0979198137864647,1.0451795992060979e-13,1.5477643288700932e-13,1.802057628080163e-13,4.804380517469649e-10
0.9020802121131485,2.7060461843354443e-10,4.062139513314988e-10,0.0979197867312044,1.0444252159967472e-13,1.5464534751287724e-13,1.80032777104932e-13,4.783896587592569e-10
0.9020802394649298,2.697406319153172e-10,4.0468830187985485e-10,0.09791975938384764,1.0436578393836205e-13,1.5451270185094936e-13,1.7985843759455073e-13,4.76354779906229e-10
0.9020802671067988,2.688735975615237e-10,4.031662385398915e-10,0.09791973174638903,1.0428775888349036e-13,1.5437851337306846e-13,1.7968275810092817e-13,4.743340248399933e-10
0.902080295036786,2.6800373277488865e-10,4.0164784538260647e-10,0.09791970382079793,1.0420845856093095e-13,1.5424279938020027e-13,1.7950575158092088e-13,4.723265834154943e-10
0.9020803232529468,2.6713124805273404e-10,4.001332013991219e-10,0.09791967560901886,1.0412789525626484e-13,1.541055770042636e-13,1.7932743077860612e-13,4.703322091325369e-10
0.9020803517533612,2.6625634742201996e-10,3.9862239162036535e-10,0.09791964711297192,1.040460813973797e-13,1.5396686323413615e-13,1.7914780872480249e-13,4.683510966643987e-10
0.902080380536133,2.653792280918881e-10,3.971154768128144e-10,0.09791961833455311,1.0396302953631986e-13,1.538266748727372e-13,1.7896689738166056e-13,4.663822472881342e-10
0.9020804095993901,2.645000811196863e-10,3.956125330785095e-10,0.09791958927563468,1.0387875233379648e-13,1.5368502858338746e-13,1.7878470940390817e-13,4.6442620427524825e-10
0.9020804389412834,2.6361909133640876e-10,3.9411362358646436e-10,0.09791955993806552,1.0379326254378557e-13,1.5354194087109984e-13,1.7860125688573658e-13,4.624824168029004e-10
0.9020804685599872,2.6273643736548644e-10,3.926188021511293e-10,0.09791953032367143,1.0370657299852209e-13,1.533974280721216e-13,1.7841655151114032e-13,4.6055045770365636e-10
0.9020804984536984,2.6185229206622706e-10,3.91128130091436e-10,0.0979195004342555,1.0361869659528982e-13,1.5325150638096738e-13,1.782306053059117e-13,4.5863056136827555e-10
0.9020805286206363,2.6096682253366324e-10,3.8964165937080415e-10,0.09791947027159838,1.0352964628346139e-13,1.531041918385896e-13,1.7804342989004651e-13,4.5672230843346623e-10
0.9020805590590422,2.600801900456498e-10,3.8815943050639653e-10,0.09791943983745863,1.0343943505160462e-13,1.5295550031599533e-13,1.7785503637639224e-13,4.5482518313261436e-10
0.9020805897671794,2.591925506465416e-10,3.8668149771057677e-10,0.097919409133573,1.0334807591677394e-13,1.528054475540144e-13,1.7766543649202765e-13,4.5293965787826945e-10
0.9020806207433327,2.5830405506534344e-10,3.852079034631978e-10,0.0979193781616567,1.032555819136893e-13,1.5265404914478198e-13,1.7747464145226697e-13,4.5106522045862143e-10
0.9020806519858081,2.57414848793964e-10,3.8373868472363745e-10,0.09791934692340376,1.0316196608434295e-13,1.5250132052742583e-13,1.7728266222974292e-13,4.492015890781333e-10
0.9020806834929326,2.565250723076536e-10,3.822738786923828e-10,0.09791931542048724,1.0306724146849333e-13,1.523472769964301e-13,1.7708950980984666e-13,4.473487064575382e-10
0.9020807152630536,2.556348612746102e-10,3.8081352273931785e-10,0.09791928365455954,1.0297142109497892e-13,1.5219193370926813e-13,1.7689519519010545e-13,4.455065177301212e-10
0.9020807472945391,2.5474434655039446e-10,3.7935764621580586e-10,0.09791925162725268,1.0287451797310843e-13,1.5203530567533426e-13,1.7669972901467358e-13,4.4367464564765915e-10
0.9020807795857774,2.538536543226947e-10,3.7790627640392396e-10,0.09791921934017854,1.0277654508462791e-13,1.5187740775825815e-13,1.7650312183493704e-13,4.418529396741906e-10
0.9020808121351762,2.529629064577267e-10,3.764594467418916e-10,0.09791918679492916,1.026775153769164e-13,1.5171825469616337e-13,1.7630538447867103e-13,4.4004157850698637e-10
0.9020808449411634,2.520722204099912e-10,3.750171800821032e-10,0.09791915399307696,1.0257744175591577e-13,1.5155786108383553e-13,1.7610652730690003e-13,4.3824008778109764e-10
0.9020808780021856,2.5118170942735193e-10,3.7357950024808714e-10,0.09791912093617504,1.0247633707979065e-13,1.5139624138099438e-13,1.7590656072291543e-13,4.364484385988859e-10
0.902080911316709,2.502914826081804e-10,3.7214642650466263e-10,0.09791908762575738,1.0237421415280286e-13,1.512334099078134e-13,1.7570549492682675e-13,4.346663869371327e-10
0.9020809448832183,2.4940164516846446e-10,3.707179819713337e-10,0.09791905406333913,1.022710857200937e-13,1.510693808590851e-13,1.7550334028966843e-13,4.32894020141374e-10
0.9020809787002172,2.4851229848489526e-10,3.692941851777196e-10,0.09791902025041684,1.0216696446259982e-13,1.5090416829898803e-13,1.7530010698025367e-13,4.311310992568724e-10
0.9020810127662273,2.47623540211971e-10,3.6787505306666934e-10,0.09791898618846868,1.0206186299234788e-13,1.5073778616255644e-13,1.7509580509622447e-13,4.2937750005853864e-10
0.9020810470797886,2.4673546432795e-10,3.6646059836454526e-10,0.09791895187895472,1.0195579384788171e-13,1.5057024825112897e-13,1.7489044454568646e-13,4.276329936505107e-10
0.9020810816394591,2.458481615273977e-10,3.650508433910533e-10,0.09791891732331712,1.0184876949097133e-13,1.5040156825842015e-13,1.746840356628912e-13,4.2589789845076826e-10
0.9020811164438142,2.4496171896420796e-10,3.6364579495567146e-10,0.09791888252298038,1.017408023024049e-13,1.5023175973992194e-13,1.7447658809467372e-13,4.2417155129867e-10
0.9020811514914467,2.440762204427716e-10,3.622454617006007e-10,0.09791884747935159,1.0163190457838963e-13,1.5006083612171752e-13,1.7426811156167688e-13,4.2245395530953865e-10
0.902081186780967,2.431917467337939e-10,3.6084985935061074e-10,0.09791881219382062,1.0152208852795577e-13,1.4988881072047134e-13,1.7405861609649732e-13,4.2074533026925205e-10
0.9020812223110022,2.4230837538509405e-10,3.594589912117446e-10,0.09791877666776036,1.0141136626965597e-13,1.497156967194271e-13,1.73848111178818e-13,4.1904513317778853e-10
0.902081258080196,2.4142618097218817e-10,3.5807286529278205e-10,0.09791874090252693,1.0129974982904876e-13,1.4954150718307725e-13,1.7363660648935152e-13,4.173534842150578e-10
0.9020812940872089,2.405452352609228e-10,3.566914912262912e-10,0.09791870489945992,1.0118725113664934e-13,1.4936625506438561e-13,1.7342411177785636e-13,4.1567039254735626e-10
0.9020813303307178,2.396656073597711e-10,3.553148801227767e-10,0.09791866865988255,1.0107388202629985e-13,1.4918995321134358e-13,1.7321063685903127e-13,4.139958673867313e-10
0.9020813668094154,2.3878736345254707e-10,3.539430281899192e-10,0.09791863218510198,1.0095965423255808e-13,1.4901261433699717e-13,1.72996190881651e-13,4.123292685539622e-10
0.9020814035220107,2.3791056725208493e-10,3.5257594487044073e-10,0.09791859547640941,1.0084457938953413e-13,1.4883425105270394e-13,1.7278078357176718e-13,4.106710542831494e-10
0.9020814404672282,2.370352797954611e-10,3.5121362748371426e-10,0.09791855853508034,1.007286690289436e-13,1.4865487584404582e-13,1.7256442411329162e-13,4.090206974060725e-10
0.9020814776438077,2.3616155974758243e-10,3.4985608103984857e-10,0.0979185213623748,1.0061193457909433e-13,1.484745010913493e-13,1.7234712202131878e-13,4.0737844162943907e-10
0.9020815150505048,2.352894634726632e-10,3.485033095336856e-10,0.0979184839595375,1.0049438736400687e-13,1.4829313907015456e-13,1.721288867616076e-13,4.05744199984439e-10
0.9020815526860897,2.344190448307891e-10,3.471553051661208e-10,0.09791844632779807,1.0037603860175845e-13,1.4811080192781063e-13,1.7190972726793e-13,4.041174548281869e-10
0.9020815905493478,2.335503556872393e-10,3.4581207626026075e-10,0.09791840846837122,1.002568994044416e-13,1.4792750172252252e-13,1.7168965317716903e-13,4.0249878376187965e-10
0.902081628639079,2.3268344568755365e-10,3.4447361898950623e-10,0.09791837038245695,1.0013698077725145e-13,1.4774325039849344e-13,1.7146867358378734e-13,4.0088766771926e-10
0.9020816669540981,2.3181836233696896e-10,3.4313992907466036e-10,0.09791833207124076,1.0001629361774546e-13,1.4755805978776474e-13,1.7124679754931865e-13,3.992840335369623e-10
0.9020817054932336,2.3095515121363244e-10,3.4181100721427354e-10,0.09791829353589383,9.9894848715715e-14,1.4737194162392446e-13,1.710240343445686e-13,3.9768802629759713e-10
0.9020817442553288,2.3009385602684403e-10,3.404868532890782e-10,0.09791825477757321,9.977265675313684e-14,1.4718490754248669e-13,1.7080039319632089e-13,3.960995710088533e-10
0.9020817832392405,2.292345184690151e-10,3.39167458281567e-10,0.09791821579742199,9.964972830352372e-14,1.4699696906340244e-13,1.70575882925716e-13,3.945182698430782e-10
0.9020818224438394,2.2837717849960463e-10,3.3785282115485785e-10,0.09791817659656951,9.952607383212777e-14,1.468081376114056e-13,1.7035051269203668e-13,3.9294438420283936e-10
0.9020818618680098,2.2752187439739756e-10,3.3654294013279777e-10,0.09791813717613151,9.940170369620229e-14,1.4661842451634868e-13,1.7012429161223228e-13,3.9137784421583755e-10
0.9020819015106493,2.2666864267497918e-10,3.352378073236688e-10,0.09791809753721034,9.927662814486822e-14,1.4642784100165238e-13,1.6989722852016679e-13,3.898183652481067e-10
0.9020819413706689,2.2581751814425485e-10,3.339374145672972e-10,0.09791805768089512,9.915085731910258e-14,1.462363981860419e-13,1.6966933222073812e-13,3.8826588610836796e-10
0.9020819814469926,2.2496853425275545e-10,3.32641764272396e-10,0.09791801760826192,9.902440125274115e-14,1.4604410710907351e-13,1.6944061197288563e-13,3.867207799407893e-10
0.9020820217385572,2.2412172277148388e-10,3.313508442640451e-10,0.09791797732037395,9.889726987231971e-14,1.458509787002869e-13,1.6921107637931192e-13,3.8518243642840645e-10
0.9020820622443123,2.2327711386367656e-10,3.300646423727804e-10,0.0979179368182817,9.876947299705853e-14,1.4565702378161287e-13,1.689807340209112e-13,3.8365080147315843e-10
0.9020821029632199,2.2243473642376018e-10,3.287831572538062e-10,0.09791789610302312,9.864102033987883e-14,1.4546225309349048e-13,1.687495939389232e-13,3.8212625503578566e-10
0.9020821438942545,2.2159461804062403e-10,3.2750638404864905e-10,0.0979178551756238,9.851192150817512e-14,1.4526667728843507e-13,1.6851766500751057e-13,3.806086263322354e-10
0.9020821850364026,2.2075678483193486e-10,3.2623430921508887e-10,0.09791781403709712,9.838218600393106e-14,1.4507030691345619e-13,1.6828495569934028e-13,3.790975322606463e-10
0.902082226388663,2.199212617109089e-10,3.2496692739640827e-10,0.09791777268844444,9.825182322463236e-14,1.4487315243023793e-13,1.680514748274585e-13,3.7759324846278956e-10
0.9020822679500463,2.1908807221691732e-10,3.2370422456910485e-10,0.09791773113065522,9.812084246351124e-14,1.446752241974725e-13,1.678172308033358e-13,3.7609539410135903e-10
0.9020823097195748,2.1825723891534835e-10,3.224462003274091e-10,0.0979176893647072,9.798925291102657e-14,1.4447653250286576e-13,1.6758223261961208e-13,3.7460446350285114e-10
0.9020823516962824,2.174287832092375e-10,3.211928452206212e-10,0.09791764739156658,9.785706365559681e-14,1.4427708754410477e-13,1.6734648885560045e-13,3.7312007267181473e-10
0.9020823938792142,2.1660272524335671e-10,3.1994414411164886e-10,0.09791760521218813,9.772428368392187e-14,1.440768994179134e-13,1.6711000781666585e-13,3.7164195524940885e-10
0.9020824362674268,2.15779084095799e-10,3.18700087414706e-10,0.09791756282751539,9.75909218818588e-14,1.4387597813420762e-13,1.6687279802793995e-13,3.7017028416808254e-10
0.9020824788599878,2.149578778830086e-10,3.1746066797597134e-10,0.09791752023848077,9.745698703554721e-14,1.4367433362285966e-13,1.6663486810128002e-13,3.6870511957022036e-10
0.9020825216559758,2.1413912378754167e-10,3.1622587818181633e-10,0.09791747744600575,9.732248783252285e-14,1.4347197573385647e-13,1.6639622660896037e-13,3.6724641168761924e-10
0.9020825646544801,2.133228378120643e-10,3.1499569915477746e-10,0.097917434451001,9.718743286192101e-14,1.4326891421370763e-13,1.6615688160225577e-13,3.657936788444559e-10
0.9020826078546008,2.1250903524724412e-10,3.137701286457042e-10,0.09791739125436653,9.705183061615632e-14,1.4306515874400278e-13,1.659168418394014e-13,3.6434753341993683e-10
0.9020826512554484,2.116977304065088e-10,3.1254915273908107e-10,0.09791734785699185,9.691568949161184e-14,1.4286071891638447e-13,1.6567611554519808e-13,3.6290748997941595e-10
0.9020826948561438,2.108889366662788e-10,3.113327575285524e-10,0.09791730425975609,9.67790177893827e-14,1.4265560423409204e-13,1.6543471091707042e-13,3.614735078857048e-10
0.9020827386558181,2.1008266664106494e-10,3.1012093452679436e-10,0.09791726046352812,9.664182371651775e-14,1.4244982412532212e-13,1.651926363652434e-13,3.600457636818169e-10
0.9020827826536127,2.0927893227299168e-10,3.0891367755827086e-10,0.09791721646916679,9.65041153874604e-14,1.4224338794927622e-13,1.6494990038022913e-13,3.5862432105289893e-10
0.9020828268486787,2.08477744503331e-10,3.077109663397868e-10,0.09791717227752092,9.636590082430872e-14,1.4203630496594683e-13,1.6470651080540997e-13,3.572085924798062e-10
0.902082871240177,2.076791135299282e-10,3.0651278916623253e-10,0.09791712788942955,9.622718795786817e-14,1.4182858435680529e-13,1.6446247582921893e-13,3.5579887061934283e-10
0.9020829158272785,2.0688304903822777e-10,3.0531914228193476e-10,0.09791708330572203,9.608798462938097e-14,1.416202352433424e-13,1.6421780396624624e-13,3.543954405318718e-10
0.9020829606091634,2.0608955986152277e-10,3.041300076358627e-10,0.09791703852721816,9.594829859103235e-14,1.4141126665612877e-13,1.6397250307764445e-13,3.529977141024645e-10
0.9020830055850212,2.052986540229414e-10,3.0294536745855894e-10,0.09791699355472828,9.580813750653682e-14,1.4120168753699473e-13,1.6372658100250038e-13,3.516056587245027e-10
0.902083050754051,2.0451033911675998e-10,3.017652177775255e-10,0.0979169483890535,9.566750895291711e-14,1.409915067707654e-13,1.6348004615785753e-13,3.502197834094141e-10
0.902083096115461,2.0372462210205913e-10,3.0058954574727117e-10,0.09791690303098571,9.552642042150151e-14,1.4078073316612097e-13,1.6323290654715405e-13,3.4883971838448447e-10
0.9020831416684683,2.0294150918939906e-10,2.994183330008886e-10,0.09791685748130778,9.538487931847687e-14,1.405693754445214e-13,1.6298516989897743e-13,3.4746521106745337e-10
0.9020831874122989,2.0216100608386195e-10,2.9825156958885876e-10,0.09791681174079364,9.524289296618558e-14,1.4035744226009212e-13,1.6273684427923847e-13,3.4609655598158683e-10
0.9020832333461878,2.013831179293139e-10,2.9708924253278224e-10,0.09791676581020844,9.510046860415841e-14,1.4014494219369105e-13,1.624879375922254e-13,3.447336070665984e-10
0.9020832794693786,2.0060784932879634e-10,2.959313387519401e-10,0.09791671969030866,9.49576133901447e-14,1.399318837536153e-13,1.6223845770680879e-13,3.433763298519917e-10
0.9020833257811235,1.9983520443255684e-10,2.9477784777687856e-10,0.09791667338184218,9.481433440136326e-14,1.3971827538223317e-13,1.6198841257637114e-13,3.420247986627475e-10
0.9020833722806829,1.9906518674433161e-10,2.936287507266864e-10,0.09791662688554849,9.467063863504223e-14,1.395041254382313e-13,1.6173780975258947e-13,3.40678652735343e-10
0.9020834189673259,1.9829779929262466e-10,2.924840344593651e-10,0.09791658020215871,9.452653300947398e-14,1.3928944221050943e-13,1.614866570033235e-13,3.393380811040309e-10
0.9020834658403295,1.975330447160744e-10,2.913436884450002e-10,0.09791653333239578,9.438202436528411e-14,1.390742339247166e-13,1.6123496217998132e-13,3.38003159514947e-10
0.9020835128989789,1.9677092527217514e-10,2.9020770186682853e-10,0.09791648627697452,9.423711946665656e-14,1.3885850874321117e-13,1.6098273309159926e-13,3.3667385332275585e-10
0.9020835601425674,1.96011442641169e-10,2.8907605551811146e-10,0.09791643903660177,9.409182500184582e-14,1.3864227474729368e-13,1.6072997714519043e-13,3.353498037550798e-10
0.902083607570396,1.952545980950102e-10,2.8794873595164154e-10,0.09791639161197649,9.394614758420177e-14,1.3842553995106565e-13,1.6047670196321138e-13,3.3403120177855444e-10
0.9020836551817735,1.945003926488182e-10,2.8682573505984497e-10,0.09791634400378985,9.38000937536305e-14,1.3820831231386158e-13,1.6022291537096835e-13,3.3271823325997276e-10
0.9020837029760165,1.9374882692300086e-10,2.8570703885448605e-10,0.09791629621272538,9.36536699775276e-14,1.3799059972768738e-13,1.5996862490523278e-13,3.314106462421936e-10
0.9020837509524491,1.9299990109015516e-10,2.845926306027078e-10,0.09791624823945903,9.350688265148309e-14,1.377724100119932e-13,1.5971383794644587e-13,3.3010830297998044e-10
0.9020837991104028,1.9225361496584316e-10,2.8348249644258343e-10,0.09791620008465932,9.33597381002386e-14,1.375537509209233e-13,1.5945856196410403e-13,3.2881128526148054e-10
0.9020838474492167,1.9150996809038057e-10,2.8237662517420116e-10,0.09791615174898738,9.321224257885881e-14,1.3733463014984696e-13,1.5920280451039328e-13,3.27519672495393e-10
0.9020838959682367,1.9076895952908388e-10,2.812749972350173e-10,0.09791610323309712,9.306440227318749e-14,1.3711505531755093e-13,1.5894657273491176e-13,3.2623310885440316e-10
0.9020839446668162,1.9003058810604147e-10,2.801776015561305e-10,0.09791605453763527,9.291622330103603e-14,1.3689503398594257e-13,1.5868987412125422e-13,3.2495189641131407e-10
0.9020839935443155,1.892948524077369e-10,2.7908442682086136e-10,0.09791600566324152,9.276771171332354e-14,1.3667457365992634e-13,1.5843271610927534e-13,3.2367600468047486e-10
0.9020840426001019,1.8856175058201507e-10,2.779954533601904e-10,0.09791595661054858,9.261887349450135e-14,1.3645368176958486e-13,1.581751057360796e-13,3.224050789308878e-10
0.9020840918335497,1.8783128057061457e-10,2.769106700086366e-10,0.09791590738018233,9.246971456370898e-14,1.362323656898518e-13,1.5791705037225189e-13,3.2113942230119583e-10
0.9020841412440397,1.8710344004326654e-10,2.7583006265469667e-10,0.09791585797276184,9.23202407756576e-14,1.3601063273445157e-13,1.5765855722458118e-13,3.1987889709702437e-10
0.9020841908309597,1.8637822647658616e-10,2.747536198720011e-10,0.09791580838889954,9.217045792172601e-14,1.3578849016237484e-13,1.573996335816353e-13,3.1862358521778143e-10
0.9020842405937038,1.856556369515189e-10,2.736813218937728e-10,0.09791575862920125,9.202037173034087e-14,1.3556594516004475e-13,1.5714028632907439e-13,3.1737313325775897e-10
0.9020842905316728,1.8493566852105755e-10,2.7261316288375884e-10,0.0979157086942663,9.18699878685345e-14,1.353430048727783e-13,1.56880522924783e-13,3.161280621346933e-10
0.9020843406442738,1.8421831792238896e-10,2.715491255528455e-10,0.0979156585846876,9.171931194249195e-14,1.3511967637968124e-13,1.5662035029205874e-13,3.1488790538817617e-10
0.9020843909309202,1.8350358145856526e-10,2.7048918741028064e-10,0.09791560830105178,9.156834949768085e-14,1.348959666831222e-13,1.563597750832032e-13,3.1365242429891045e-10
0.9020844413910317,1.827914554412368e-10,2.69433342806289e-10,0.09791555784393918,9.141710602041487e-14,1.346718827467012e-13,1.5609880464753535e-13,3.1242225153601007e-10
0.9020844920240341,1.8208193590107503e-10,2.6838157462920093e-10,0.09791550721392404,9.126558693840221e-14,1.3444743147006604e-13,1.558374457993459e-13,3.111969213539424e-10
0.9020845428293592,1.8137501860446733e-10,2.6733386597311497e-10,0.09791545641157452,9.111379762132012e-14,1.3422261969012624e-13,1.5557570532058423e-13,3.099764122241872e-10
0.9020845938064451,1.806706992741766e-10,2.6629020824797663e-10,0.09791540543745281,9.096174338208089e-14,1.3399745419991823e-13,1.5531359031906553e-13,3.087610274825861e-10
0.9020846449547354,1.7996897330743777e-10,2.652505816212416e-10,0.09791535429211516,9.080942947712172e-14,1.3377194172412624e-13,1.550511073738495e-13,3.075503049526749e-10
0.9020846962736796,1.7926983593627018e-10,2.642149720853419e-10,0.09791530297611205,9.065686110720076e-14,1.3354608893273264e-13,1.5478826327631662e-13,3.0634444300991253e-10
0.9020847477627332,1.7857328237057038e-10,2.63183371035338e-10,0.0979152514899882,9.050404341862395e-14,1.3331990245324998e-13,1.5452506501773473e-13,3.0514363472741395e-10
0.902084799421357,1.7787930758383103e-10,2.6215576133850607e-10,0.09791519983428267,9.035098150371983e-14,1.3309338885214728e-13,1.5426151918025404e-13,3.0394752691366995e-10
0.9020848512490177,1.771879064649937e-10,2.611321314964271e-10,0.09791514800952893,9.019768040178703e-14,1.3286655464784203e-13,1.5399763255239953e-13,3.027563160223743e-10
0.9020849032451874,1.7649907368047394e-10,2.6011246440560783e-10,0.09791509601625495,9.004414509955052e-14,1.326394062987252e-13,1.537334116392452e-13,3.0156976033320974e-10
0.9020849554093435,1.758128036888469e-10,2.590967431835151e-10,0.09791504385498327,8.989038053164416e-14,1.3241195020432815e-13,1.5346886291320741e-13,3.0038784024812857e-10
0.902085007740969,1.751290908912373e-10,2.5808495657029015e-10,0.09791499152623107,8.973639158156158e-14,1.3218419271821888e-13,1.5320399305242388e-13,2.992107527398716e-10
0.9020850602395519,1.7444792949196793e-10,2.5707708769040235e-10,0.09791493903051023,8.958218308211219e-14,1.3195614013594942e-13,1.5293880845121013e-13,2.9803825659969e-10
0.9020851129045857,1.7376931364860252e-10,2.560731252951413e-10,0.09791488636832743,8.942775981634615e-14,1.3172779870794384e-13,1.52673315709545e-13,2.9687054922338944e-10
0.9020851657355687,1.730932374689097e-10,2.5507305793957314e-10,0.0979148335401842,8.927312651843106e-14,1.3149917463924108e-13,1.524075213824101e-13,2.9570760630472205e-10
0.9020852187320048,1.7241969494004486e-10,2.540768712914517e-10,0.097914780546577,8.911828787426165e-14,1.3127027408340258e-13,1.5214143186088678e-13,2.945492956216692e-10
0.9020852718934023,1.7174867979767283e-10,2.5308454563623884e-10,0.09791472738799728,8.896324852161739e-14,1.310411031312198e-13,1.5187505325900255e-13,2.933953796665868e-10
0.9020853252192749,1.7108018575204158e-10,2.5209606981056505e-10,0.09791467406493155,8.880801305104903e-14,1.3081166783016868e-13,1.5160839202176447e-13,2.922461676202934e-10
0.9020853787091409,1.7041420634751297e-10,2.511114270430618e-10,0.09791462057786146,8.865258600627159e-14,1.3058197417233654e-13,1.5134145431060735e-13,2.91101419431949e-10
0.9020854323625235,1.697507351115259e-10,2.5013060619654767e-10,0.09791456692726384,8.849697188502622e-14,1.303520281072669e-13,1.5107424649245546e-13,2.899613336284486e-10
0.9020854861789507,1.690897654821905e-10,2.4915359323693204e-10,0.09791451311361081,8.834117513967195e-14,1.3012183553577901e-13,1.5080677477006842e-13,2.888257787636811e-10
0.9020855401579552,1.6843129094921885e-10,2.481803795701673e-10,0.09791445913736976,8.818520017821316e-14,1.2989140232216552e-13,1.5053904554596932e-13,2.8769495107320857e-10
0.9020855942990741,1.6777530470086371e-10,2.4721094269425476e-10,0.09791440499900353,8.802905136413686e-14,1.296607342638678e-13,1.5027106457644756e-13,2.865682839581158e-10
0.9020856486018491,1.671217997892342e-10,2.4624526616950574e-10,0.09791435069897035,8.787273301679436e-14,1.294298371056993e-13,1.5000283783556748e-13,2.8544598216302236e-10
0.9020857030658267,1.6647076948275358e-10,2.4528334730303726e-10,0.097914296237724,8.771624941291569e-14,1.2919871657025586e-13,1.497343718599633e-13,2.8432856964604536e-10
0.9020857576905574,1.6582220682739115e-10,2.4432516636466866e-10,0.09791424161571383,8.755960478663728e-14,1.289673783202968e-13,1.4946567240896012e-13,2.832153664943695e-10
0.9020858124755965,1.651761048038583e-10,2.433707094929208e-10,0.09791418683338479,8.74028033300407e-14,1.2873582797231506e-13,1.49196745453979e-13,2.821065752849564e-10
0.9020858674205032,1.6453245633100053e-10,2.4241996285483155e-10,0.09791413189117755,8.724584919368213e-14,1.2850407109691598e-13,1.48927596927955e-13,2.810021766995648e-10
0.9020859225248412,1.6389125420074332e-10,2.4147290993897747e-10,0.0979140767895285,8.708874648689032e-14,1.282721132133061e-13,1.4865823260628493e-13,2.7990204332128295e-10
0.9020859777881783,1.6325249136233277e-10,2.4052954529229925e-10,0.09791402152886985,8.693149927897884e-14,1.28039959813841e-13,1.483886587080984e-13,2.7880659174400046e-10
0.9020860332100865,1.6261616035476102e-10,2.3958984122423455e-10,0.09791396610962967,8.677411159856589e-14,1.2780761631534384e-13,1.4811888044403345e-13,2.777149290650555e-10
0.9020860887901418,1.6198225403326384e-10,2.386537981693691e-10,0.09791391053223193,8.661658743528479e-14,1.2757508812161708e-13,1.4784890420654854e-13,2.766281324576428e-10
0.9020861445279245,1.6135076505289395e-10,2.37721396609535e-10,0.09791385479709658,8.645893073975021e-14,1.2734238057924478e-13,1.4757873548677963e-13,2.755454119900425e-10
0.9020862004230185,1.6072168609325424e-10,2.3679262560784393e-10,0.09791379890463958,8.630114542425804e-14,1.2710949899700025e-13,1.4730838010716893e-13,2.744670794672528e-10
0.9020862564750117,1.6009500964837046e-10,2.358674659399642e-10,0.09791374285527299,8.614323536277674e-14,1.2687644862791586e-13,1.4703784348940644e-13,2.733927891569178e-10
0.9020863126834961,1.5947072825043754e-10,2.34945906947432e-10,0.09791368664940497,8.5985204391668e-14,1.266432346886038e-13,1.46767131386067e-13,2.7232285297845066e-10
0.9020863690480675,1.588488343954296e-10,2.340279350856162e-10,0.09791363028743989,8.582705631013962e-14,1.2640986235301445e-13,1.4649624938675068e-13,2.7125714180754425e-10
0.9020864255683252,1.5822932047713592e-10,2.331135341369748e-10,0.09791357376977831,8.56687948804684e-14,1.261763367468968e-13,1.4622520292435007e-13,2.701955294197786e-10
0.9020864822438723,1.576121790021958e-10,2.3220269623987048e-10,0.0979135170968171,8.551042382891534e-14,1.2594266296640157e-13,1.4595399775662258e-13,2.6913832533362034e-10
0.9020865390743159,1.56997402371085e-10,2.3129540503629658e-10,0.09791346026894944,8.535194684589603e-14,1.2570884605944777e-13,1.456826392351554e-13,2.6808518166116715e-10
0.9020865960592663,1.563849828887428e-10,2.3039164441714303e-10,0.09791340328656489,8.519336758618143e-14,1.25474891026754e-13,1.4541113268021727e-13,2.6703608355418034e-10
0.9020866531983376,1.5577491291103924e-10,2.2949140392269473e-10,0.09791334615004944,8.503468966956884e-14,1.2524080283454802e-13,1.451394836181868e-13,2.6599123263377205e-10
0.9020867104911473,1.5516718476995832e-10,2.2859467021086768e-10,0.09791328885978556,8.487591668128652e-14,1.2500658640831467e-13,1.4486769741317883e-13,2.649505004861813e-10
0.9020867679373166,1.5456179077554654e-10,2.2770142997800424e-10,0.09791323141615223,8.47170521723916e-14,1.2477224663311802e-13,1.4459577939216936e-13,2.6391386982944626e-10
0.9020868255364699,1.5395872321778866e-10,2.2681166995915895e-10,0.09791317381952497,8.455809966016141e-14,1.2453778835391942e-13,1.4432373484509988e-13,2.6288132348940497e-10
0.9020868832882352,1.5335797436841353e-10,2.2592537692836807e-10,0.09791311607027593,8.439906262847837e-14,1.2430321637589196e-13,1.4405156902498436e-13,2.618528443978144e-10
0.9020869411922435,1.5275953634597854e-10,2.25042532283392e-10,0.09791305816877392,8.423994452776473e-14,1.2406853545299058e-13,1.4377928691041936e-13,2.608281991006449e-10
0.9020869992481296,1.521634014064016e-10,2.2416312868710319e-10,0.09791300011538444,8.408074877586556e-14,1.2383375031301035e-13,1.43506893929851e-13,2.5980780900170567e-10
0.9020870574555312,1.5156956192766323e-10,2.2328715841889617e-10,0.09791294191046972,8.392147875885103e-14,1.2359886565649486e-13,1.4323439546290276e-13,2.5879165180194865e-10
0.9020871158140893,1.509780101226073e-10,2.2241460257458973e-10,0.09791288355438878,8.376213783085923e-14,1.233638861323034e-13,1.429617963663681e-13,2.5777927258988235e-10
0.9020871743234481,1.5038873819409648e-10,2.2154544813081338e-10,0.09791282504749746,8.36027293144515e-14,1.2312881635104662e-13,1.4268910171043352e-13,2.567708768446457e-10
0.9020872329832549,1.4980173840475873e-10,2.2067968481198448e-10,0.09791276639014848,8.344325650118353e-14,1.2289366089124426e-13,1.4241631664775501e-13,2.5576655634214743e-10
0.9020872917931602,1.49217002865598e-10,2.198172940621898e-10,0.09791270758269144,8.328372265147195e-14,1.2265842428138124e-13,1.4214344593306088e-13,2.5476596733077794e-10
0.9020873507528174,1.486345238268474e-10,2.1895826860587474e-10,0.0979126486254729,8.312413099541264e-14,1.2242311102498435e-13,1.4187049477162966e-13,2.537695319219388e-10
0.9020874098618832,1.480542933213167e-10,2.1810258725936155e-10,0.0979125895188364,8.29644847324141e-14,1.2218772557024756e-13,1.4159746772769337e-13,2.527766872831182e-10
0.9020874691200168,1.4747630359958226e-10,2.1725024573257912e-10,0.09791253026312251,8.280478703225915e-14,1.2195227234745796e-13,1.41324370059161e-13,2.5178807484201794e-10
0.9020875285268808,1.4690054690144473e-10,2.1640123103165257e-10,0.09791247085866885,8.264504103538832e-14,1.2171675574965166e-13,1.4105120661448429e-13,2.5080334566776023e-10
