c1,c2,c3,i1,i2,i3,i4,o
0.6226932664792223,0.37502356579085877,3.6566115069607267e-06,0.0014205216901423292,0.0008555241210492636,8.341614433701471e-09,7.868169462843979e-09,3.449097436651747e-06
0.6226938301181499,0.375023025198294,3.6562938230785447e-06,0.0014205087911215264,0.0008555143448979524,8.340807648470261e-09,7.86798084983905e-09,3.4490449250967347e-06
0.6226948433266151,0.37502205571749003,3.6557554089423494e-06,0.0014204841628335215,0.0008554959087630075,8.339423205806575e-09,7.867559462596272e-09,3.44892190690819e-06
0.6226962146643914,0.37502074683919767,3.6550624294082774e-06,0.0014204487813148578,0.0008554697304226195,8.337618728796166e-09,7.866887863759389e-09,3.4487177374710566e-06
0.6226978758844359,0.37501916539660446,3.6542571908960146e-06,0.0014204033508344632,0.0008554364804491413,8.335495620572125e-09,7.865963302121327e-09,3.4484290260527536e-06
0.6226997745819174,0.375017362718598,3.653367241750335e-06,0.0014203484070160245,0.0008553966707218066,8.33312049032895e-09,7.86479145585767e-09,3.448056593177278e-06
0.6227018692486197,0.3750153794442446,3.6524110875229163e-06,0.001420284385147938,0.0008553507133376048,8.330538633577103e-09,7.863382715734794e-09,3.447603641346587e-06
0.6227041262512463,0.375013248470555,3.651401581354182e-06,0.0014202116581117728,0.0008552989543253411,8.327782012395192e-09,7.861749914213644e-09,3.447074648248803e-06
0.6227065179263706,0.3750109968159815,3.6503479531157545e-06,0.0014201305571834011,0.0008552416930385527,8.324874020448487e-09,7.859906931298285e-09,3.4464746918332794e-06
0.6227090213024616,0.3750086468739809,3.649257052773993e-06,0.0014200413838678207,0.0008551791938965665,8.321832398397911e-09,7.857867846445709e-09,3.445809040122262e-06
0.6227116171874519,0.3750062173101858,3.6481341313025607e-06,0.0014199444170287913,0.0008551116939773953,8.318671064178983e-09,7.855646434795236e-09,3.4450829072339516e-06
0.6227142894833807,0.3750037237375869,3.646983341825912e-06,0.0014198399174651496,0.0008550394082550639,8.31540128852342e-09,7.853255881282401e-09,3.444301313075196e-06
0.6227170246521887,0.3750011792435507,3.6458080668563267e-06,0.0014197281310311684,0.0008549625334148146,8.312032464542206e-09,7.850708632132592e-09,3.4434690066462312e-06
0.6227198112885812,0.3749985948116343,3.6446111351370013e-06,0.001419609290878165,0.0008548812507522603,8.308572619792789e-09,7.84801633211763e-09,3.442590429909533e-06
0.6227226397725879,0.3749959796649374,3.643394967371805e-06,0.0014194836191345605,0.0008547957284460409,8.305028761989304e-09,7.845189814397293e-09,3.4416697080123098e-06
0.6227255019836516,0.37499334154878583,3.6421616752703514e-06,0.0014193513282078909,0.0008547061233799796,8.301407115702952e-09,7.842239121509196e-09,3.4407106531323188e-06
0.6227283910634627,0.3749906869652944,3.640913129759526e-06,0.0014192126218207743,0.0008546125826283383,8.29771328683717e-09,7.839173543838318e-09,3.4397167771066635e-06
0.6227313012181093,0.3749880213690839,3.6396510087971133e-06,0.0014190676958528029,0.0008545152446815925,8.293952378825881e-09,7.836001666947794e-09,3.438691309744611e-06
0.6227342275523413,0.3749853493312453,3.6383768312605817e-06,0.0014189167390367319,0.0008544142404679132,8.290129076286394e-09,7.832731422287282e-09,3.4376372171657272e-06
0.6227371659303034,0.37498267467712015,3.637091981726547e-06,0.0014187599335427241,0.0008543096942111267,8.286247706577431e-09,7.82937013809921e-09,3.436557223003288e-06
0.622740112858231,0.3749800006023441,3.6357977289412677e-06,0.001418597455474933,0.000854201724156105,8.282312286218924e-09,7.825924588562664e-09,3.4354538281649196e-06
0.6227430653854654,0.3749773297707559,3.634495239694457e-06,0.0014184294752983074,0.0008540904431855756,8.278326556811838e-09,7.822401040048428e-09,3.4343293275041088e-06
0.6227460210208063,0.37497466439711774,3.6331855900973167e-06,0.0014182561582090573,0.000853975959347249,8.274294013622905e-09,7.818805294192596e-09,3.43318583004775e-06
0.6227489776617532,0.374972006317073,3.6318697744942947e-06,0.0014180776644590288,0.000853858376306344,8.270217928926321e-09,7.815142727445135e-09,3.432025273498843e-06
0.6227519335345986,0.37496935704635326,3.6305487127599765e-06,0.001417894149641932,0.0008537377937356761,8.266101371529562e-09,7.811418327177172e-09,3.4308494380881205e-06
0.6227548871436844,0.3749667178309109,3.629223256902353e-06,0.0014177057649476417,0.0008536143076531998,8.261947223493193e-09,7.807636724665814e-09,3.429659963002582e-06
0.6227578372284043,0.3749640896893786,3.6278941963751045e-06,0.0014175126573895218,0.0008534880107151351,8.257758194679871e-09,7.803802224920908e-09,3.428458355543888e-06
0.622760782726764,0.3749614734490325,3.6265622630895697e-06,0.0014173149700087366,0.0008533589924713773,8.253536835627888e-09,7.799918833828965e-09,3.4272460045655563e-06
0.6227637227445028,0.37495886977624926,3.6252281356687754e-06,0.0014171128420587787,0.0008532273395887744,8.2492855490585e-09,7.79599028269222e-09,3.4260241889256244e-06
0.6227666565289297,0.3749562792022926,3.623892443442724e-06,0.0014169064091728648,0.00085309313604693,8.245006600266995e-09,7.792020050518494e-09,3.424794087717409e-06
0.6227695834467649,0.37495370214513607,3.622555770058894e-06,0.001416695803516396,0.0008529564633104518,8.240702126567508e-09,7.788011384232594e-09,3.4235567884576787e-06
0.6227725029653798,0.3749511389279204,3.6212186567310064e-06,0.0014164811539263296,0.0008528174004809534,8.236374145917686e-09,7.78396731700581e-09,3.4223132942396176e-06
0.6227754146369255,0.3749485897945527,3.619881605245548e-06,0.0014162625860390206,0.0008526760244316091,8.232024564826484e-09,7.779890684913967e-09,3.4210645307276174e-06
0.6227783180849144,0.3749460549228786,3.6185450807224113e-06,0.0014160402224078655,0.000852532409926649,8.227655185624897e-09,7.775784142083821e-09,3.419811352319692e-06
0.6227812129928851,0.3749435344357939,3.6172095143158004e-06,0.0014158141826118918,0.000852386629727826,8.223267713176892e-09,7.771650174529995e-09,3.4185545490139866e-06
0.6227840990948376,0.374941028410607,3.6158753053655316e-06,0.0014155845833562855,0.0008522387546895957,8.218863761057723e-09,7.767491112665226e-09,3.417294849058473e-06
0.6227869761671688,0.3749385368869162,3.614542823818391e-06,0.001415351538565716,0.0008520888538445018,8.214444857283005e-09,7.763309142840828e-09,3.416032926762799e-06
0.6227898440218841,0.37493605987322953,3.6132124120993367e-06,0.0014151151594712155,0.0008519369944800494,8.21001244959788e-09,7.759106317783827e-09,3.414769404210395e-06
0.6227927025008878,0.37493359735251675,3.611884387038402e-06,0.001414875554691275,0.0008517832422081703,8.205567910380383e-09,7.754884566195723e-09,3.413504856494244e-06
0.6227955514711903,0.3749311492868586,3.610559041669759e-06,0.001414632830307741,0.0008516276610282354,8.201112541191495e-09,7.750645701547067e-09,3.412239815487472e-06
0.6227983908208891,0.3749287156213319,3.609236646725826e-06,0.0014143870899370346,0.0008514703133844334,8.196647576987525e-09,7.746391430086525e-09,3.410974771845944e-06
0.622801220455806,0.37492629628724855,3.6079174523175963e-06,0.0014141384347971465,0.0008513112602182322,8.192174190045368e-09,7.742123358276208e-09,3.4097101801744543e-06
0.6228040402966776,0.3749238912048496,3.6066016891982383e-06,0.0014138869637708236,0.0008511505610165342,8.18769349359966e-09,7.73784299953698e-09,3.408446459723963e-06
0.6228068502768124,0.3749215002855398,3.6052895700845577e-06,0.0014136327734653059,0.0008509882738560643,8.183206545227474e-09,7.73355178049134e-09,3.4071839979190477e-06
0.6228096503401418,0.37491912343373546,3.603981290914499e-06,0.0014133759582689413,0.00085082445544445,8.178714350002294e-09,7.729251046720144e-09,3.4059231529747045e-06
0.6228124404396024,0.37491676054838735,3.6026770318776875e-06,0.0014131166104049688,0.0008506591611583972,8.174217863424602e-09,7.724942068025975e-09,3.4046642550398434e-06
0.6228152205357953,0.37491441152423083,3.6013769585096686e-06,0.0014128548199827287,0.0008504924450793116,8.169717994157588e-09,7.720626043326045e-09,3.4034076091265224e-06
0.6228179905958793,0.3749120762528082,3.6000812226822337e-06,0.0014125906750465339,0.0008503243600266676,8.165215606580405e-09,7.716304105162984e-09,3.4021534967996835e-06
0.6228207505926581,0.37490975462330034,3.598789963469077e-06,0.0014123242616224097,0.0008501549575893892,8.16071152316852e-09,7.711977323856707e-09,3.4009021774547958e-06
0.622823500503831,0.3749074465231996,3.5975033079617463e-06,0.0014120556637628886,0.0008499842881554727,8.156206526715808e-09,7.707646711346217e-09,3.399653889900691e-06
0.6228262403113779,0.37490515183885104,3.596221372097701e-06,0.0014117849635900293,0.0008498124009400508,8.151701362415573e-09,7.703313224766559e-09,3.3984088542997545e-06
0.6228289700010574,0.3749028704558848,3.5949442613568703e-06,0.0014115122413368075,0.0008496393440120716,8.14719673980498e-09,7.698977769742045e-09,3.397167272972464e-06
0.6228316895619973,0.3749006022595577,3.5936720714934323e-06,0.0014112375753870152,0.0008494651643197442,8.142693334589683e-09,7.694641203465124e-09,3.3959293322286155e-06
0.622834398986362,0.37489834713502174,3.5924048890919886e-06,0.0014109610423137906,0.0008492899077148843,8.138191790347598e-09,7.690304337517535e-09,3.3946952025852066e-06
0.6228370982690821,0.3748961049675316,3.591142792170056e-06,0.0014106827169168834,0.0008491136189762716,8.133692720127908e-09,7.68596794051435e-09,3.393465040363308e-06
0.6228397874076367,0.37489387564260307,3.5898858507983983e-06,0.0014104026722587563,0.0008489363418321217,8.129196707956926e-09,7.681632740581435e-09,3.3922389891375893e-06
0.622842466401876,0.3748916590461316,3.5886341275370194e-06,0.0014101209796996098,0.000848758118981761,8.12470431024634e-09,7.67729942761986e-09,3.39101717961162e-06
0.6228451352538787,0.37488945506447907,3.5873876779877334e-06,0.0014098377089314085,0.0008485789921165772,8.120216057122405e-09,7.672968655457376e-09,3.389799731484445e-06
0.6228477939678358,0.3748872635845351,3.5861465511421265e-06,0.0014095529280109785,0.0008483990019403153,8.115732453668604e-09,7.668641043805062e-09,3.388586753006127e-06
0.6228504425499564,0.3748850844937583,3.584910789932776e-06,0.0014092667033922426,0.0008482181881887773,8.111253981105746e-09,7.664317180149373e-09,3.38737834332989e-06
0.6228530810083902,0.37488291768020177,3.5836804314524295e-06,0.001408979099957645,0.0008480365896489717,8.106781097890303e-09,7.65999762143252e-09,3.3861745910419024e-06
0.622855709353164,0.3748807630325272,3.58245550754137e-06,0.0014086901810488228,0.0008478542441777646,8.102314240767194e-09,7.655682895735052e-09,3.3849755775392674e-06
0.6228583275961271,0.37487862044000936,3.581236044904172e-06,0.001408400008496567,0.0008476711887200642,8.097853825745372e-09,7.65137350372444e-09,3.383781374524987e-06
0.6228609357509056,0.3748764897925346,3.580022065617015e-06,0.001408108642650113,0.0008474874593265778,8.093400249033707e-09,7.647069920125858e-09,3.3825920473445426e-06
0.6228635338328614,0.37487437098059445,3.5788135873029496e-06,0.0014078161424058027,0.0008473030911711673,8.088953887915403e-09,7.642772595014835e-09,3.381407653402221e-06
0.622866121859056,0.3748722638952766,3.577610623480418e-06,0.0014075225652351465,0.0008471181185678314,8.084515101580319e-09,7.638481955081729e-09,3.3802282438914923e-06
0.6228686998482166,0.37487016842825366,3.5764131838092373e-06,0.0014072279672123187,0.0008469325749873367,8.08008423191109e-09,7.634198404796218e-09,3.379053863694614e-06
0.6228712678207039,0.37486808447177133,3.575221274326698e-06,0.0014069324030411116,0.0008467464930735167,8.075661604226789e-09,7.629922327502137e-09,3.3778845518036037e-06
0.6228738257984813,0.37486601191863655,3.5740348977217744e-06,0.0014066359260813748,0.0008465599046592579,8.07124752799093e-09,7.625654086462685e-09,3.3767203420970726e-06
0.6228763738050835,0.3748639506622063,3.5728540535186618e-06,0.001406338588374959,0.0008463728407821872,8.066842297480146e-09,7.621394025822626e-09,3.375561263175424e-06
0.6228789118655863,0.37486190059637686,3.571678738259401e-06,0.0014060404406711878,0.0008461853317000752,8.06244619241738e-09,7.617142471516064e-09,3.3744073387194596e-06
0.6228814400065742,0.3748598616155747,3.570508945731429e-06,0.0014057415324518709,0.0008459974069059657,8.058059478576068e-09,7.612899732138349e-09,3.3732585882075282e-06
0.6228839582561093,0.3748578336147488,3.5693446671832647e-06,0.001405441911955879,0.0008458090951430426,8.053682408356837e-09,7.608666099770398e-09,3.372115027273351e-06
0.622886466643698,0.3748558164893639,3.5681858913938806e-06,0.0014051416262032934,0.0008456204244192464,8.0493152213283e-09,7.604441850716678e-09,3.3709766669777736e-06
0.622888965200257,0.3748538101353962,3.5670326049398275e-06,0.001404840721019143,0.0008454314220216426,8.044958144750164e-09,7.600227246260863e-09,3.3698435155000115e-06
0.6228914539580792,0.3748518144493299,3.565884792303937e-06,0.0014045392410567427,0.0008452421145305554,8.04061139406789e-09,7.596022533340181e-09,3.368715577415787e-06
0.6228939329507976,0.37484982932815564,3.5647424359406913e-06,0.0014042372298206428,0.0008450525278334693,8.036275173378568e-09,7.591827945170097e-09,3.367592853563835e-06
0.6228964022133492,0.37484785466937026,3.5636055165449418e-06,0.0014039347296891987,0.0008448626871387071,8.031949675885775e-09,7.587643701896901e-09,3.3664753427712514e-06
0.6228988617819374,0.37484589037097815,3.562474013067874e-06,0.0014036317819367732,0.0008446726169888867,8.027635084324862e-09,7.583470011147723e-09,3.365363040389087e-06
0.6229013116939949,0.37484393633149365,3.5613479029607416e-06,0.0014033284267555752,0.0008444823412741649,8.023331571378621e-09,7.57930706861863e-09,3.3642559401102866e-06
0.6229037519881442,0.37484199244994487,3.5602271620965477e-06,0.0014030247032771495,0.0008442918832452696,8.019039300059843e-09,7.575155058541873e-09,3.3631540319073917e-06
0.6229061827041594,0.37484005862587827,3.559111765059935e-06,0.001402720649593514,0.0008441012655263253,8.014758424091531e-09,7.571014154234725e-09,3.3620573047689434e-06
0.6229086038829265,0.37483813475936456,3.558001685131689e-06,0.0014024163027779638,0.0008439105101274765,8.010489088261517e-09,7.56688451853858e-09,3.360965744861418e-06
0.6229110155664033,0.3748362207510053,3.5568968944062562e-06,0.0014021116989055373,0.0008437196384573109,8.006231428763915e-09,7.562766304272771e-09,3.359879336536212e-06
0.62291341779758,0.3748343165019401,3.555797363895425e-06,0.0014018068730731574,0.000843528671335086,8.001985573527403e-09,7.558659654664941e-09,3.3587980624454096e-06
0.6229158106204394,0.3748324219138545,3.554703063645599e-06,0.001401501859419449,0.0008433376290027622,7.997751642532065e-09,7.554564703767355e-09,3.357721903846569e-06
0.6229181940799163,0.3748305368889887,3.5536139627148926e-06,0.0014011966911442392,0.0008431465311368449,7.993529748105364e-09,7.550481576813293e-09,3.356650839721616e-06
0.6229205682218579,0.37482866133014614,3.552530029365984e-06,0.0014008914005277458,0.0008429553968600377,7.989319995215345e-09,7.54641039061921e-09,3.3555848484221407e-06
0.6229229330929842,0.37482679514070266,3.5514512310156676e-06,0.0014005860189494552,0.0008427642447527095,7.985122481742522e-09,7.542351253900725e-09,3.3545239061274864e-06
0.6229252887408483,0.37482493822461627,3.550377534431822e-06,0.0014002805769066993,0.0008425730928641779,7.980937298751148e-09,7.538304267645284e-09,3.353467988684893e-06
0.6229276352137977,0.37482309048643625,3.549308905646339e-06,0.0013999751040329321,0.0008423819587238118,7.976764530738153e-09,7.53426952538832e-09,3.3524170697547054e-06
0.6229299725609351,0.37482125183131326,3.5482453101141877e-06,0.0013996696291157075,0.0008421908593519522,7.972604255880407e-09,7.530247113546004e-09,3.3513711225677084e-06
0.6229323008320805,0.37481942216500863,3.5471867127596888e-06,0.0013993641801143674,0.0008419998112706567,7.968456546271462e-09,7.526237111704897e-09,3.350330119346027e-06
0.6229346200777336,0.37481760139390413,3.5461330780346108e-06,0.0013990587841774401,0.0008418088305142695,7.964321468149466e-09,7.522239592903094e-09,3.3492940314803506e-06
0.6229369303490363,0.37481578942501154,3.5450843698849615e-06,0.001398753467659755,0.000841617932639816,7.960199082110213e-09,7.518254623872047e-09,3.348262828917895e-06
0.6229392316977364,0.3748139861659819,3.544040551940866e-06,0.0013984482561392735,0.0008414271327372261,7.956089443323256e-09,7.514282265333422e-09,3.347236481847459e-06
0.6229415241761516,0.3748121915251147,3.5430015873333766e-06,0.0013981431744336432,0.0008412364454393896,7.951992601722676e-09,7.510322572176441e-09,3.3462149581297088e-06
0.6229438078371345,0.37481040541136673,3.5419674390197e-06,0.0013978382466164746,0.0008410458849320392,7.947908602212758e-09,7.506375593773489e-09,3.3451982269329766e-06
0.6229460827340383,0.3748086277343608,3.5409380696238662e-06,0.0013975334960333497,0.0008408554649634729,7.943837484850272e-09,7.502441374148933e-09,3.3441862555568847e-06
0.6229483489206824,0.37480685840439404,3.539913441529586e-06,0.0013972289453175572,0.0008406651988541078,7.93977928502476e-09,7.498519952208845e-09,3.3431790110948315e-06
0.6229506064513202,0.37480509733244594,3.5388935169389584e-06,0.0013969246164055658,0.0008404750995058728,7.935734033634152e-09,7.494611361954472e-09,3.342176460344765e-06
0.6229528553806064,0.3748033444301858,3.5378782577855856e-06,0.0013966205305522322,0.0008402851794114408,7.931701757245164e-09,7.490715632643853e-09,3.341178568772349e-06
0.6229550957635662,0.37480159960998033,3.5368676259956844e-06,0.0013963167083457509,0.0008400954506633014,7.927682478265692e-09,7.48683278904878e-09,3.340185303076087e-06
0.6229573276555642,0.3747998627849002,3.535861583284224e-06,0.0013960131697223466,0.0008399059249626774,7.923676215092686e-09,7.482962851570749e-09,3.3391966280386224e-06
0.6229595511122749,0.37479813386872673,3.5348600913515026e-06,0.0013957099339807141,0.0008397166136282847,7.919682982268261e-09,7.479105836464142e-09,3.3382125092706686e-06
0.6229617661896534,0.37479641277595815,3.533863111747862e-06,0.0013954070197962063,0.0008395275276049394,7.915702790617875e-09,7.475261755957607e-09,3.3372329109834507e-06
0.6229639729439078,0.3747946994218148,3.532870606052394e-06,0.0013951044452347743,0.0008393386774720124,7.911735647395973e-09,7.471430618459609e-09,3.336257798189141e-06
0.6229661714314717,0.37479299372224484,3.5318825358354077e-06,0.0013948022277666635,0.0008391500734517346,7.907781556421371e-09,7.467612428698034e-09,3.3352871353504477e-06
0.6229683617089774,0.3747912955939289,3.5308988626040703e-06,0.0013945003842798687,0.0008389617254173537,7.903840518202597e-09,7.463807187846389e-09,3.334320886167933e-06
0.6229705438332306,0.37478960495428437,3.5299195479584353e-06,0.0013941989310933467,0.000838773642901144,7.899912530069494e-09,7.460014893706555e-09,3.33335901512732e-06
0.6229727178611852,0.3747879217214697,3.5289445535136526e-06,0.001393897883969998,0.0008385858351022727,7.895997586292692e-09,7.456235540820092e-09,3.33240148596495e-06
0.6229748838499196,0.3747862458143878,3.5279738409903606e-06,0.0013935972581294112,0.0008383983108945217,7.892095678204518e-09,7.452469120622554e-09,3.3314482628354967e-06
0.6229770418566127,0.37478457715268926,3.5270073721675756e-06,0.0013932970682603784,0.0008382110788338694,7.888206794310872e-09,7.4487156215537945e-09,3.330499309405957e-06
0.622979191938522,0.3747829156567751,3.5260451088576085e-06,0.0013929973285331841,0.0008380241471659329,7.884330920396771e-09,7.444975029167827e-09,3.3295545889318445e-06
0.6229813341529616,0.37478126124779915,3.525087013067016e-06,0.001392698052611668,0.0008378375238332722,7.880468039639554e-09,7.44124732629427e-09,3.3286140656725415e-06
0.6229834685572812,0.3747796138476701,3.5241330469322695e-06,0.0013923992536650678,0.0008376512164825595,7.876618132711707e-09,7.437532493132481e-09,3.3276777034355783e-06
0.6229855952088456,0.3747779733790531,3.523183172694318e-06,0.0013921009443796427,0.0008374652324716135,7.872781177877496e-09,7.433830507350378e-09,3.3267454657522588e-06
0.6229877141650153,0.3747763397653708,3.5222373527233796e-06,0.00139180313697008,0.0008372795788763021,7.868957151087874e-09,7.430141344193337e-09,3.3258173162208784e-06
0.6229898254831279,0.3747747129308044,3.521295549624669e-06,0.001391505843190691,0.0008370942624973146,7.86514602607926e-09,7.4264649766151425e-09,3.3248932191939826e-06
0.6229919292204795,0.3747730928002941,3.5203577261007393e-06,0.0013912090743463936,0.000836909289866805,7.86134777445745e-09,7.422801375334332e-09,3.323973138069901e-06
0.6229940254343075,0.3747714792995392,3.5194238450505727e-06,0.0013909128413034898,0.0008367246672549079,7.857562365786284e-09,7.419150508953935e-09,3.323057036882254e-06
0.6229961141817737,0.3747698723549979,3.5184938696364203e-06,0.001390617154500238,0.0008365404006761304,7.853789767677302e-09,7.415512344072029e-09,3.3221448802443284e-06
0.6229981955199482,0.37476827189388706,3.517567763169324e-06,0.0013903220239572243,0.0008363564958956203,7.850029945866767e-09,7.411886845335684e-09,3.32123663205255e-06
0.6230002695057938,0.3747666778441809,3.5166454891487297e-06,0.0013900274592875336,0.0008361729584353117,7.846282864293239e-09,7.40827397553416e-09,3.3203322564711467e-06
0.6230023361961513,0.3747650901346102,3.51572701135211e-06,0.0013897334697067255,0.0008359897935799516,7.842548485178758e-09,7.404673695706148e-09,3.319431718406364e-06
0.623004395647725,0.3747635086946608,3.5148122937226917e-06,0.0013894400640426176,0.0008358070063830082,7.838826769098102e-09,7.401085965185466e-09,3.318534982093775e-06
0.6230064479170692,0.374761933454572,3.5139013004712586e-06,0.0013891472507448761,0.0008356246016724628,7.835117675053384e-09,7.39751074170508e-09,3.3176420125614238e-06
0.6230084930605746,0.37476036434533433,3.5129939960698047e-06,0.0013888550378944211,0.0008354425840564866,7.83142116054489e-09,7.393947981469369e-09,3.3167527749818376e-06
0.6230105311344567,0.37475880129868744,3.5120903451875084e-06,0.0013885634332126448,0.0008352609579290047,7.827737181634411e-09,7.390397639205562e-09,3.315867234204406e-06
0.623012562194743,0.37475724424711765,3.5111903127496914e-06,0.0013882724440704493,0.0008350797274751489,7.824065693011059e-09,7.386859668247763e-09,3.3149853555971798e-06
0.6230145862972616,0.3747556931238551,3.5102938639772786e-06,0.0013879820774971034,0.0008348988966766011,7.820406648057275e-09,7.383334020615066e-09,3.3141071050126458e-06
0.6230166034976306,0.3747541478628709,3.509400964278255e-06,0.001387692340188924,0.0008347184693168286,7.816759998904134e-09,7.379820647043281e-09,3.313232447700042e-06
0.6230186138512471,0.374752608398874,3.5085115794247253e-06,0.0013874032385177823,0.0008345384489862131,7.813125696498208e-09,7.376319497097837e-09,3.3123613503411358e-06
0.6230206174132781,0.3747510746673074,3.50762567537294e-06,0.0013871147785394383,0.0008343588390870751,7.809503690651788e-09,7.372830519181956e-09,3.3114937785908958e-06
0.62302261423865,0.37474954660434506,3.5067432183207016e-06,0.0013868269660017073,0.0008341796428385951,7.805893930096536e-09,7.3693536606080735e-09,3.3106296985888726e-06
0.6230246043820402,0.37474802414688785,3.5058641748560933e-06,0.00138653980635246,0.0008340008632816341,7.802296362546102e-09,7.365888867697992e-09,3.3097690777967234e-06
0.6230265878978682,0.37474650723255953,3.5049885117340543e-06,0.0013862533047474593,0.0008338225032834546,7.798710934738988e-09,7.3624360857726896e-09,3.308911882362835e-06
0.6230285648402878,0.37474499579970283,3.5041161960771926e-06,0.0013859674660580347,0.0008336445655423425,7.795137592495773e-09,7.358995259261404e-09,3.3080580800208325e-06
0.6230305352631788,0.37474348978737493,3.503247195223172e-06,0.0013856822948786008,0.0008334670525921333,7.7915762807622e-09,7.355566331708592e-09,3.307207637707125e-06
0.62303249922014,0.3747419891353432,3.502381476811259e-06,0.0013853977955340178,0.0008332899668066438,7.788026943657868e-09,7.352149245846253e-09,3.3063605231419736e-06
0.6230344567644824,0.3747404937840803,3.5015190087649743e-06,0.0013851139720868,0.0008331133104040094,7.784489524521658e-09,7.3487439436363e-09,3.3055167041858856e-06
0.6230364079492224,0.3747390036747598,3.5006597593056896e-06,0.0013848308283441726,0.0008329370854509305,7.780963965956603e-09,7.345350366320117e-09,3.3046761490504663e-06
0.6230383528270755,0.37473751874925115,3.4998036969002662e-06,0.0013845483678649802,0.0008327612938668283,7.777450209869268e-09,7.341968454446787e-09,3.3038388258073267e-06
0.6230402914504508,0.37473603895011465,3.4989507903750318e-06,0.001384266593966451,0.0008325859374279123,7.773948197516505e-09,7.338598147948857e-09,3.3030047035968353e-06
0.623042223871445,0.37473456422059637,3.498101008755802e-06,0.0013839855097308152,0.0008324110177711599,7.770457869538253e-09,7.3352393861371314e-09,3.3021737506981345e-06
0.6230441501418377,0.37473309450462294,3.4972543214108865e-06,0.001383705118011785,0.0008322365363982114,7.766979166000613e-09,7.331892107780511e-09,3.3013459365994412e-06
0.6230460703130862,0.3747316297467964,3.4964106980202747e-06,0.001383425421440894,0.0008320624946791801,7.763512026434521e-09,7.328556251137181e-09,3.3005212309168375e-06
0.6230479844363215,0.3747301698923887,3.4955701085307305e-06,0.0013831464224337015,0.0008318888938563794,7.760056389869689e-09,7.32523175397881e-09,3.2996996032231647e-06
0.6230498925623432,0.3747287148873361,3.494732523127128e-06,0.001382868123195862,0.0008317157350479694,7.756612194865784e-09,7.321918553616488e-09,3.29888102308761e-06
0.6230517947416163,0.37472726467823375,3.4938979123371286e-06,0.0013825905257290637,0.0008315430192515232,7.753179379550604e-09,7.318616586965343e-09,3.2980654610725727e-06
0.6230536910242671,0.37472581921233006,3.493066246987611e-06,0.0013823136318368387,0.0008313707473475143,7.74975788165317e-09,7.315325790566922e-09,3.2972528877770033e-06
0.6230555814600802,0.37472437843752104,3.492237498188288e-06,0.0013820374431302443,0.000831198920102728,7.746347638534535e-09,7.31204610061694e-09,3.29644327396537e-06
0.6230574660984949,0.37472294230234443,3.4914116372842515e-06,0.0013817619610334213,0.0008310275381735964,7.742948587214308e-09,7.308777452981613e-09,3.2956365902918717e-06
0.6230593449886025,0.37472151075597393,3.490588635985078e-06,0.0013814871867890276,0.0008308566021094592,7.73956066440618e-09,7.305519783265315e-09,3.294832808600383e-06
0.6230612181791438,0.3747200837482134,3.4897684662630166e-06,0.0013812131214635546,0.0008306861123557517,7.736183806544074e-09,7.3022730268117485e-09,3.2940319003649584e-06
0.6230630857185067,0.37471866122949105,3.4889511003483957e-06,0.0013809397659525226,0.0008305160692571212,7.732817949807568e-09,7.299037118729643e-09,3.2932338372539916e-06
0.6230649476547234,0.3747172431508532,3.4881365107634784e-06,0.0013806671209855615,0.0008303464730604726,7.729463030149176e-09,7.295811993929146e-09,3.292438591427181e-06
0.6230668040354695,0.3747158294639586,3.4873246703560926e-06,0.001380395187131377,0.0008301773239179456,7.726118983323156e-09,7.2925975871587715e-09,3.2916461356041608e-06
0.6230686549080613,0.3747144201210723,3.4865155521977564e-06,0.0013801239648026057,0.0008300086218898244,7.722785744905596e-09,7.2893938330012306e-09,3.2908564420656153e-06
0.6230705003194545,0.3747130150750597,3.485709129714176e-06,0.0013798534542605598,0.0008298403669473798,7.719463250323966e-09,7.2862006659355395e-09,3.2900694842842015e-06
0.6230723403162433,0.37471161427938043,3.484905376535303e-06,0.0013795836556198642,0.0008296725589756467,7.716151434874116e-09,7.283018020317668e-09,3.28928523497721e-06
0.6230741749446582,0.3747102176880822,3.4841042666072725e-06,0.001379314568852987,0.0008295051977761382,7.71285023374582e-09,7.279845830434502e-09,3.288503667873177e-06
0.6230760042505664,0.374708825255795,3.4833057741412005e-06,0.0013790461937946683,0.0008293382830694954,7.70955958204329e-09,7.276684030511735e-09,3.2877247566529683e-06
0.6230778282794697,0.37470743693772485,3.4825098736409124e-06,0.0013787785301462453,0.0008291718144980778,7.706279414807269e-09,7.273532554743144e-09,3.2869484754717732e-06
0.6230796470765043,0.3747060526896476,3.4817165399076797e-06,0.0013785115774798769,0.0008290057916284906,7.703009667036483e-09,7.270391337313304e-09,3.286174798836569e-06
0.6230814606864408,0.374704672467903,3.4809257479688616e-06,0.0013782453352426738,0.0008288402139540556,7.699750273703297e-09,7.26726031239643e-09,3.2854037010172885e-06
0.6230832691536827,0.3747032962293887,3.4801374731420807e-06,0.0013779798027607284,0.0008286750808972215,7.696501169773958e-09,7.26413941419314e-09,3.2846351569754846e-06
0.6230850725222675,0.3747019239315538,3.479351691002346e-06,0.001377714979243052,0.0008285103918119184,7.693262290225689e-09,7.261028576939557e-09,3.2838691417303336e-06
0.6230868708358658,0.3747005555323933,3.478568377433759e-06,0.0013774508637854203,0.0008283461459858565,7.69003357006711e-09,7.257927734940436e-09,3.2831056309623817e-06
0.6230886641377813,0.37469919099044147,3.477787508551354e-06,0.0013771874553741268,0.0008281823426427698,7.68681494435196e-09,7.254836822564032e-09,3.2823446000957134e-06
0.6230904524709517,0.3746978302647663,3.4770090607116756e-06,0.0013769247528896485,0.0008280189809446056,7.683606348193673e-09,7.2517557742602645e-09,3.2815860248432545e-06
0.6230922358779485,0.3746964733149631,3.4762330106050458e-06,0.001376662755110223,0.0008278560599936627,7.6804077167864e-09,7.248684524603984e-09,3.280829881875121e-06
0.6230940144009773,0.3746951201011487,3.4754593350806405e-06,0.0013764014607153415,0.0008276935788346763,7.677218985411962e-09,7.245623008259573e-09,3.2800761468991532e-06
0.6230957880818789,0.3746937705839553,3.474688011328215e-06,0.0013761408682891575,0.0008275315364568533,7.674040089460923e-09,7.2425711600471025e-09,3.2793247971249875e-06
0.6230975569621295,0.37469242472452463,3.473919016773122e-06,0.001375880976323812,0.0008273699317958584,7.670870964444437e-09,7.239528914927829e-09,3.2785758093707294e-06
0.6230993210828417,0.37469108248450195,3.4731523291303645e-06,0.001375621783222681,0.0008272087637357503,7.667711546009958e-09,7.236496208033551e-09,3.2778291611088285e-06
0.6231010804847653,0.37468974382603004,3.472387926266845e-06,0.0013753632873035413,0.0008270480311108722,7.664561769946319e-09,7.233472974638887e-09,3.277084829064047e-06
0.6231028352082884,0.3746884087117434,3.471625786407046e-06,0.0013751054868016603,0.0008268877327076932,7.661421572204517e-09,7.230459150232684e-09,3.2763427916486127e-06
0.6231045852934382,0.3746870771047625,3.4708658879818964e-06,0.0013748483798728102,0.0008267278672666068,7.658290888905844e-09,7.2274546704883805e-09,3.27560302656352e-06
0.6231063307798822,0.3746857489686876,3.4701082096165964e-06,0.0013745919645962068,0.0008265684334836821,7.655169656349428e-09,7.224459471270048e-09,3.274865511593219e-06
0.62310807170693,0.37468442426759324,3.4693527302331255e-06,0.0013743362389773766,0.0008264094300123725,7.652057811027555e-09,7.221473488672782e-09,3.274130225488459e-06
0.6231098081135334,0.3746831029660225,3.468599429004655e-06,0.0013740812009509528,0.0008262508554651823,7.648955289636567e-09,7.218496659021755e-09,3.273397147006796e-06
0.6231115400382892,0.3746817850289809,3.4678482853250152e-06,0.0013738268483834,0.0008260927084152891,7.645862029085141e-09,7.2155289188735636e-09,3.2726662549423286e-06
0.6231132675194394,0.3746804704219313,3.4670992788252557e-06,0.0013735731790756732,0.0008259349873981271,7.64277796650391e-09,7.212570205030354e-09,3.271937528437976e-06
0.6231149905948737,0.3746791591107877,3.466352389371319e-06,0.0013733201907658067,0.0008257776909129285,7.639703039254583e-09,7.209620454548556e-09,3.271210946872527e-06
0.6231167093021306,0.37467785106190993,3.4656075970495114e-06,0.0013730678811314392,0.0008256208174242266,7.636637184937825e-09,7.206679604743463e-09,3.2704864897621195e-06
0.6231184236783989,0.37467654624209806,3.4648648822299575e-06,0.0013728162477922748,0.0008254643653633196,7.63358034140556e-09,7.203747593216865e-09,3.26976413734883e-06
0.6231201337605198,0.3746752446185867,3.4641242254345314e-06,0.001372565288312481,0.0008253083331296971,7.630532446762941e-09,7.200824357827107e-09,3.2690438691881507e-06
0.6231218395849885,0.3746739461590397,3.463385607435614e-06,0.001372315000203024,0.0008251527190924288,7.62749343937827e-09,7.197909836723989e-09,3.2683256657066956e-06
0.6231235411879559,0.3746726508315446,3.462649009257552e-06,0.0013720653809239454,0.0008249975215915175,7.624463257892352e-09,7.195003968357864e-09,3.267609507636093e-06
0.6231252386052307,0.3746713586046073,3.4619144121273468e-06,0.001371816427886579,0.0008248427389392173,7.621441841223856e-09,7.192106691472998e-09,3.2668953756173505e-06
0.6231269318722812,0.3746700694471467,3.4611817974789628e-06,0.0013715681384557094,0.0008246883694213154,7.61842912857498e-09,7.189217945114978e-09,3.2661832505274446e-06
0.6231286210242372,0.37466878332848924,3.4604511469923188e-06,0.0013713205099516762,0.0008245344112983816,7.615425059440021e-09,7.1863376686487355e-09,3.265473113763741e-06
0.623130306095892,0.374667500218364,3.4597224425559484e-06,0.0013710735396524195,0.0008243808628069831,7.61242957361061e-09,7.183465801754632e-09,3.2647649467229458e-06
0.6231319871217047,0.37466622008689704,3.458995666229971e-06,0.0013708272247954748,0.0008242277221608689,7.60944261117841e-09,7.180602284422802e-09,3.2640587307302807e-06
0.6231336641358018,0.3746649429046066,3.4582708003322283e-06,0.0013705815625799122,0.0008240749875521199,7.606464112544296e-09,7.1777470569834635e-09,3.2633544479394315e-06
0.6231353371719799,0.3746636686423978,3.4575478273822214e-06,0.0013703365501682256,0.0008239226571522693,7.603494018422722e-09,7.1749000600972044e-09,3.2626520803862474e-06
0.6231370062637072,0.37466239727155765,3.456826730076391e-06,0.0013700921846881708,0.0008237707291133929,7.60053226984435e-09,7.172061234752249e-09,3.261951610125408e-06
0.623138671444126,0.3746611287637499,3.456107491308628e-06,0.001369848463234553,0.0008236192015691686,7.597578808160464e-09,7.169230522274332e-09,3.2612530195397548e-06
0.6231403327460554,0.37465986309101024,3.455390094256306e-06,0.001369605382870967,0.0008234680726359075,7.594633575053398e-09,7.16640786435744e-09,3.260556291901003e-06
0.6231419902019923,0.3746586002257413,3.454674522176628e-06,0.00136936294063149,0.0008233173404135566,7.591696512531229e-09,7.163593203009303e-09,3.2598614092595123e-06
0.623143643844115,0.3746573401407079,3.4539607586434673e-06,0.001369121133522327,0.0008231670029866725,7.588767562941041e-09,7.1607864806229246e-09,3.2591683555118283e-06
0.6231452937042845,0.37465608280903195,3.4532487873182373e-06,0.0013688799585234112,0.00082301705842537,7.585846668963967e-09,7.157987639915423e-09,3.258477113203529e-06
0.6231469398140472,0.37465482820418794,3.452538592108841e-06,0.0013686394125899614,0.0008228675047862423,7.582933773623144e-09,7.155196623975729e-09,3.2577876661316593e-06
0.6231485822046373,0.37465357629999807,3.4518301571361374e-06,0.0013683994926539935,0.0008227183401132559,7.58002882028828e-09,7.1524133762600955e-09,3.257099998148651e-06
0.6231502209069789,0.3746523270706278,3.4511234666498793e-06,0.0013681601956257923,0.0008225695624386199,7.577131752673963e-09,7.149637840570543e-09,3.2564140926979566e-06
0.6231518559516884,0.3746510804905809,3.450418505121544e-06,0.0013679215183953393,0.0008224211697836309,7.574242514845366e-09,7.146869961083726e-09,3.255729934042734e-06
0.623153487369077,0.37464983653469514,3.449715257217342e-06,0.0013676834578337023,0.0008222731601594931,7.571361051221419e-09,7.144109682347034e-09,3.255047506509544e-06
0.6231551151891531,0.37464859517813776,3.449013707779792e-06,0.0013674460107943836,0.0008221255315681146,7.568487306576496e-09,7.141356949276041e-09,3.254366794503649e-06
0.6231567394416244,0.37464735639640084,3.448313841815193e-06,0.0013672091741146308,0.0008219782820028813,7.565621226041356e-09,7.138611707152857e-09,3.253687782520361e-06
0.6231583601559004,0.3746461201652971,3.447615644497329e-06,0.001366972944616708,0.0008218314094494076,7.562762755104476e-09,7.135873901628785e-09,3.2530104552501084e-06
0.6231599773610951,0.37464488646095523,3.44691910119384e-06,0.0013667373191091324,0.0008216849118862641,7.559911839615385e-09,7.13314347873403e-09,3.252334797766694e-06
0.623161591086029,0.3746436552598159,3.4462241974577524e-06,0.001366502294387873,0.0008215387872856858,7.55706842578707e-09,7.130420384877819e-09,3.2516607953075262e-06
0.6231632013592319,0.3746424265386274,3.4455309189965758e-06,0.0013662678672375149,0.000821393033614257,7.554232460196005e-09,7.12770456684121e-09,3.250988433081583e-06
0.6231648082089449,0.3746412002744412,3.4448392516519496e-06,0.0013660340344323887,0.0008212476488335775,7.551403889781016e-09,7.124995971771685e-09,3.2503176962922648e-06
0.6231664116631234,0.37463997644460817,3.444149181533294e-06,0.0013658007927376658,0.0008211026309009066,7.548582661852058e-09,7.122294547223992e-09,3.2496485713136477e-06
0.6231680117494387,0.3746387550267741,3.443460694808003e-06,0.0013655681389104222,0.0008209579777697895,7.54576872408266e-09,7.119600241101565e-09,3.248981043251585e-06
0.6231696084952815,0.37463753599887584,3.4427737778729826e-06,0.0013653360697006686,0.0008208136873906632,7.542962024516204e-09,7.116913001705504e-09,3.2483150985317103e-06
0.6231712019277632,0.3746363193391373,3.442088417267914e-06,0.0013651045818523502,0.0008206697577114434,7.540162511564948e-09,7.114232777711904e-09,3.247650723209399e-06
0.6231727920737193,0.3746351050260654,3.441404599680015e-06,0.0013648736721043155,0.0008205261866780947,7.53737013400979e-09,7.111559518173374e-09,3.246987903518516e-06
0.6231743789597114,0.374633893038446,3.4407223119589193e-06,0.0013646433371912545,0.0008203829722351806,7.534584841001187e-09,7.108893172523795e-09,3.246326625962876e-06
0.6231759626120293,0.3746326833553405,3.4400415411867597e-06,0.0013644135738446095,0.0008202401123263987,7.531806582065065e-09,7.10623369060063e-09,3.2456668777834772e-06
0.6231775430566944,0.37463147595608143,3.4393622744521307e-06,0.0013641843787934548,0.0008200976048950958,7.529035307091508e-09,7.103581022579576e-09,3.2450086447653225e-06
0.6231791203194609,0.3746302708202691,3.4386844991098873e-06,0.001363955748765351,0.0008199554478847698,7.526270966344274e-09,7.1009351190480035e-09,3.244351914616706e-06
0.6231806944258191,0.3746290679277678,3.4380082026282615e-06,0.0013637276804871706,0.0008198136392395523,7.523513510457572e-09,7.098295930963427e-09,3.243696674238629e-06
0.6231822654009976,0.37462786725870184,3.437333372624589e-06,0.0013635001706858985,0.000819672176904678,7.520762890436037e-09,7.095663409663016e-09,3.2430429109065363e-06
0.6231838332699657,0.3746266687934523,3.4366599968755528e-06,0.0013632732160894043,0.000819531058826936,7.51801905765543e-09,7.093037506866817e-09,3.2423906121430875e-06
0.6231853980574357,0.37462547251265327,3.4359880632740154e-06,0.0013630468134271916,0.0008193902829551082,7.515281963860163e-09,7.090418174665062e-09,3.2417397653189168e-06
0.6231869597878652,0.3746242783971882,3.43531755988666e-06,0.001362820959431121,0.0008192498472403914,7.512551561165321e-09,7.087805365534417e-09,3.2410903583629313e-06
0.62318851848546,0.37462308642818654,3.4346484748922327e-06,0.0013625956508361108,0.0008191097496368071,7.509827802053933e-09,7.085199032320212e-09,3.240442378937767e-06
0.6231900741741758,0.37462189658702033,3.4339807966271613e-06,0.0013623708843808124,0.0008189699881015947,7.50711063937787e-09,7.0825991282488135e-09,3.2397958151644888e-06
0.6231916268777211,0.37462070885530074,3.433314513540735e-06,0.0013621466568082647,0.0008188305605955934,7.504400026355353e-09,7.080005606914312e-09,3.239150655002415e-06
0.6231931766195594,0.3746195232148746,3.4326496142883408e-06,0.0013619229648665235,0.0008186914650836089,7.501695916575433e-09,7.077418422305487e-09,3.2385068872498405e-06
0.6231947234229115,0.3746183396478212,3.431986087594082e-06,0.0013616998053092722,0.0008185526995347688,7.498998263991798e-09,7.074837528766312e-09,3.237864499913753e-06
